0.5815033819068484
0.40583723806302385
0.3818700483049081
0.37543620335042927
0.3703395874269554
0.36313995911319874
0.35213860180583234
0.3366044763318432
0.3179071298533873
0.2993667402365022
0.28357988071943024
0.27102734505939263
0.26108935221048424
0.2530480189405844
0.24637608227003077
0.240722348544606
0.23585071434577032
0.23159517030023302
0.22783327971120199
0.2244714285969649
0.22143654450207503
0.21867115365517095
0.2161301026958053
0.21377811117345039
0.21158777818493987
0.20953789847377263
0.20761204409966083
0.2057973968575148
0.20408381393028424
0.2024630996305905
0.20092845085895006
0.1994740446338728
0.19809473993422444
0.19678587031086714
0.19554310707939204
0.19436237550942395
0.19323980879953453
0.1921717271160556
0.19115463161145146
0.19018520595263141
0.18926032026400266
0.18837703436310502
0.18753259866978175
0.18672445221685355
0.18595021784798227
0.18520769504618392
0.18449485098366256
0.18380981039686645
0.18315084482861685
0.1825163616829449
0.18190489343408572
0.18131508723390466
0.18074569507907795
0.18019556463287945
0.17966363074586866
0.17914890768315153
0.17865048204069223
0.17816750631690062
0.17769919309617854
0.177244809796418
0.1768036739311312
0.17637514883782446
0.17595863982656856
0.1755535907058656
0.1751594806464474
0.1747758213472822
0.1744021544716279
0.1740380493243482
0.17368310074483395
0.17333692719272523
0.1729991690061999
0.17266948681489236
0.17234756009155044
0.17203308582834542
0.17172577732534508
0.17142536308006517
0.17113158576825088
0.17084420130712705
0.17056297799331202
0.17028769570843275
0.17001814518621727
0.169754127335499
0.16949545261413945
0.16924194044938956
0.16899341870065895
0.16874972316106676
0.16851069709449798
0.16827619080521095
0.16804606123732024
0.1678201716017322
0.167598391028336
0.1673805942414518
0.16716666125672158
0.16695647709778857
0.16674993153125653
0.16654691881855305
0.16634733748343844
0.16615109009400864
0.16595808305813894
0.1657682264313997
0.16558143373655873
0.16539762179385356
0.16521671056128417
0.1650386229842361
0.16486328485379753
0.1646906246731839
0.16452057353172905
0.16435306498594182
0.16418803494716658
0.1640254215754191
0.16386516517900207
0.16370720811953218
0.1635514947220389
0.16339797118981805
0.16324658552374735
0.1630972874457897
0.1629500283264313
0.162804761115818
0.1626614402783687
0.16252002173066235
0.1623804627824056
0.16224272208030308
0.1621067595546637
0.1619725363685864
0.16184001486958047
0.16170915854348333
0.1615799319705491
0.16145230078358677
0.16132623162803802
0.16120169212388813
0.16107865082931208
0.16095707720596336
0.16083694158581824
0.1607182151394945
0.16060086984596728
0.16048487846361073
0.16037021450249583
0.16025685219788363
0.1601447664848493
0.16003393297398513
0.15992432792812425
0.15981592824003893
0.1597087114110621
0.15960265553059036
0.15949773925642313
0.1593939417959006
0.15929124288780014
0.15918962278495705
0.15908906223757474
0.158989542477193
0.15889104520128286
0.15879355255844096
0.15869704713415408
0.15860151193710997
0.15850693038602873
0.15841328629699147
0.1583205638712454
0.15822874768346273
0.1581378226704347
0.1580477741201815
0.15795858766146018
0.1578702492536531
0.15778274517702126
0.1576960620233067
0.15761018668666965
0.15752510635494582
0.15744080850121137
0.15735728087564194
0.15727451149765448
0.15719248864831994
0.15711120086303618
0.15703063692444982
0.15695078585561834
0.15687163691340164
0.15679317958207495
0.1567154035671537
0.15663829878942243
0.15656185537915993
0.15648606367055273
0.15641091419628972
0.15633639768233124
0.15626250504284622
0.15618922737531013
0.15611655595575877
0.15604448223419148
0.15597299783011837
0.15590209452824622
0.15583176427429846
0.155761999170963
0.15569279147396556
0.15562413358826122
0.15555601806434208
0.15548843759465655
0.15542138501013483
0.15535485327681908
0.1552888354925925
0.15522332488400586
0.15515831480319603
0.1550937987248951
0.155029770243526
0.15496622307038227
0.15490315103088803
0.15484054806193723
0.15477840820930755
0.15471672562514807
0.15465549456553715
0.1545947093881088
0.1545343645497452
0.15447445460433312
0.15441497420058167
0.15435591807990065
0.15429728107433624
0.15423905810456284
0.15418124417792906
0.1541238343865566
0.15406682390548948
0.15401020799089282
0.1539539819782991
0.153898141280901
0.15384268138788884
0.15378759786283092
0.15373288634209703
0.1536785425333216
0.15362456221390708
0.15357094122956558
0.15351767549289727
0.15346476098200554
0.15341219373914639
0.15335996986941236
0.15330808553944913
0.15325653697620414
0.15320532046570629
0.15315443235187554
0.15310386903536216
0.15305362697241415
0.15300370267377209
0.15295409270359106
0.15290479367838858
0.15285580226601747
0.15280711518466378
0.15275872920186834
0.15271064113357144
0.15266284784318027
0.15261534624065823
0.1525681332816353
0.15252120596653965
0.15247456133974913
0.15242819648876202
0.15238210854338788
0.15233629467495544
0.15229075209554038
0.15224547805720898
0.15220046985127994
0.15215572480760245
0.15211124029385056
0.1520670137148334
0.15202304251182047
0.15197932416188212
0.1519358561772448
0.15189263610466003
0.15184966152478738
0.15180693005159096
0.15176443933174943
0.1517221870440776
0.1516801708989621
0.15163838863780763
0.15159683803249616
0.15155551688485713
0.1515144230261491
0.15147355431655213
0.15143290864467113
0.15139248392704943
0.15135227810769256
0.1513122891576021
0.15127251507431883
0.15123295388147567
0.15119360362835982
0.1511544623894836
0.15111552826416408
0.15107679937611176
0.15103827387302704
0.15099994992620483
0.1509618257301477
0.1509238995021861
0.15088616948210656
0.15084863393178718
0.15081129113484043
0.15077413939626302
0.1507371770420921
0.1507004024190695
0.15066381389431097
0.15062740985498296
0.15059118870798527
0.15055514887963994
0.15051928881538607
0.1504836069794804
0.15044810185470375
0.15041277194207334
0.15037761576055972
0.1503426318468103
0.15030781875487656
0.15027317505594823
0.15023869933809053
0.15020439020598791
0.15017024628069142
0.1501362661993717
0.15010244861507555
0.15006879219648805
0.15003529562769802
0.15000195760796853
0.1499687768515113
0.14993575208726506
0.1499028820586783
0.14987016552349544
0.14983760125354742
0.14980518803454565
0.14977292466587958
0.14974080996041828
0.14970884274431512
0.1496770218568163
0.14964534615007236
0.1496138144889531
0.14958242575086625
0.14955117882557847
0.14952007261504005
0.14948910603321258
0.1494582780058993
0.14942758747057897
0.14939703337624166
0.14936661468322843
0.14933633036307298
0.14930617939834617
0.14927616078250353
0.14924627351973485
0.14921651662481658
0.14918688912296674
0.1491573900497021
0.149128018450698
0.14909877338164998
0.14906965390813867
0.1490406591054956
0.14901178805867257
0.1489830398621121
0.14895441361962078
0.14892590844424425
0.1488975234581442
0.14886925779247756
0.1488411105872778
0.14881308099133783
0.14878516816209467
0.14875737126551647
0.14872968947599102
0.14870212197621613
0.14867466795709147
0.14864732661761282
0.14862009716476712
0.14859297881342995
0.1485659707862639
0.14853907231361937
0.14851228263343624
0.14848560099114722
0.14845902663958294
0.14843255883887843
0.14840619685638068
0.1483799399665583
0.14835378745091182
0.14832773859788623
0.1483017927027839
0.14827594906767955
0.14825020700133618
0.14822456581912244
0.1481990248429311
0.14817358340109885
0.1481482408283272
0.14812299646560492
0.14809784966013087
0.14807279976523902
0.14804784614032374
0.14802298815076645
0.14799822516786354
0.14797355656875533
0.1479489817363556
0.14792450005928287
0.1479001109317923
0.14787581375370829
0.1478516079303589
0.14782749287251018
0.14780346799630248
0.1477795327231868
0.14775568647986276
0.14773192869821672
0.1477082588152617
0.1476846762730773
0.14766118051875116
0.14763777100432043
0.14761444718671518
0.14759120852770174
0.14756805449382684
0.14754498455636336
0.1475219981912557
0.147499094879067
0.14747627410492614
0.14745353535847638
0.14743087813382397
0.14740830192948778
0.14738580624834968
0.14736339059760561
0.14734105448871715
0.14731879743736384
0.14729661896339621
0.1472745185907893
0.14725249584759723
0.14723055026590762
0.1472086813817975
0.14718688873528915
0.14716517187030687
0.1471435303346341
0.14712196367987165
0.14710047146139552
0.14707905323831647
0.14705770857343894
0.14703643703322158
0.14701523818773748
0.1469941116106355
0.14697305687910164
0.1469520735738214
0.1469311612789421
0.14691031958203632
0.14688954807406507
0.14686884634934216
0.14684821400549852
0.1468276506434475
0.14680715586734974
0.1467867292845796
0.14676637050569102
0.14674607914438473
0.14672585481747497
0.14670569714485743
0.14668560574947692
0.14666558025729615
0.14664562029726425
0.14662572550128622
0.14660589550419212
0.14658612994370762
0.14656642846042384
0.14654679069776833
0.1465272163019761
0.14650770492206125
0.1464882562097884
0.14646886981964516
0.14644954540881458
0.14643028263714786
0.1464110811671377
0.1463919406638917
0.14637286079510622
0.1463538412310406
0.14633488164449135
0.1463159817107674
0.14629714110766492
0.1462783595154426
0.14625963661679756
0.14624097209684114
0.14622236564307542
0.1462038169453695
0.14618532569593656
0.1461668915893109
0.14614851432232523
0.14613019359408855
0.1461119291059638
0.14609372056154632
0.1460755676666421
0.14605747012924664
0.14603942765952366
0.1460214399697846
0.14600350677446794
0.14598562779011875
0.1459678027353689
0.14595003133091683
0.14593231329950831
0.14591464836591686
0.14589703625692477
0.14587947670130377
0.1458619694297968
0.14584451417509922
0.14582711067184062
0.14580975865656648
0.14579245786772083
0.14577520804562813
0.14575800893247587
0.14574086027229743
0.14572376181095503
0.14570671329612273
0.14568971447726975
0.145672765105644
0.14565586493425575
0.14563901371786162
0.14562221121294844
0.14560545717771758
0.14558875137206936
0.14557209355758766
0.14555548349752445
0.14553892095678506
0.14552240570191288
0.14550593750107516
0.14548951612404767
0.1454731413422009
0.14545681292848553
0.1454405306574184
0.14542429430506848
0.145408103649043
0.14539195846847403
0.14537585854400484
0.1453598036577764
0.14534379359341446
0.1453278281360162
0.14531190707213745
0.14529603018977988
0.14528019727837843
0.1452644081287885
0.14524866253327393
0.14523296028549437
0.14521730118049367
0.14520168501468736
0.14518611158585096
0.14517058069310845
0.14515509213692052
0.14513964571907279
0.14512424124266493
0.14510887851209914
0.14509355733306886
0.14507827751254815
0.14506303885878064
0.14504784118126834
0.14503268429076158
0.14501756799924811
0.1450024921199427
0.14498745646727665
0.14497246085688792
0.14495750510561062
0.14494258903146515
0.1449277124536482
0.14491287519252302
0.1448980770696097
0.14488331790757533
0.14486859753022482
0.14485391576249104
0.14483927243042594
0.14482466736119093
0.14481010038304812
0.14479557132535062
0.14478108001853446
0.14476662629410897
0.14475220998464836
0.1447378309237828
0.1447234889461903
0.14470918388758747
0.14469491558472156
0.14468068387536206
0.1446664885982923
0.14465232959330138
0.14463820670117586
0.14462411976369205
0.14461006862360787
0.1445960531246549
0.14458207311153062
0.14456812842989103
0.14455421892634235
0.1445403444484342
0.14452650484465154
0.14451269996440752
0.1444989296580359
0.14448519377678432
0.1444714921728063
0.14445782469915466
0.14444419120977448
0.14443059155949567
0.1444170256040264
0.14440349319994622
0.14438999420469895
0.1443765284765864
0.14436309587476123
0.14434969625922084
0.14433632949080036
0.14432299543116636
0.14430969394281062
0.14429642488904337
0.14428318813398736
0.14426998354257142
0.14425681098052434
0.14424367031436863
0.14423056141141471
0.14421748413975463
0.1442044383682563
0.14419142396655754
0.14417844080506007
0.14416548875492413
0.1441525676880622
0.14413967747713383
0.14412681799553975
0.14411398911741613
0.14410119071762964
0.14408842267177113
0.144075684856151
0.14406297714779345
0.14405029942443104
0.1440376515644997
0.14402503344713338
0.14401244495215873
0.14399988596009028
0.14398735635212498
0.14397485601013746
0.14396238481667495
0.14394994265495215
0.1439375294088467
0.14392514496289385
0.14391278920228204
0.14390046201284803
0.14388816328107187
0.1438758928940727
0.14386365073960375
0.14385143670604783
0.14383925068241266
0.14382709255832674
0.14381496222403437
0.1438028595703914
0.14379078448886096
0.14377873687150894
0.14376671661099968
0.14375472360059166
0.14374275773413328
0.14373081890605885
0.14371890701138396
0.14370702194570165
0.14369516360517834
0.14368333188654964
0.14367152668711622
0.14365974790474006
0.1436479954378405
0.14363626918538966
0.1436245690469096
0.14361289492246773
0.14360124671267294
0.1435896243186723
0.14357802764214705
0.14356645658530848
0.143554911050895
0.14354339094216778
0.14353189616290762
0.14352042661741085
0.14350898221048622
0.14349756284745116
0.14348616843412818
0.1434747988768415
0.14346345408241357
0.14345213395816164
0.14344083841189434
0.1434295673519084
0.1434183206869852
0.1434070983263875
0.1433959001798561
0.14338472615760667
0.14337357617032662
0.14336245012917156
0.14335134794576251
0.1433402695321824
0.1433292148009733
0.143318183665133
0.14330717603811205
0.14329619183381093
0.14328523096657664
0.14327429335119996
0.1432633789029125
0.14325248753738354
0.14324161917071732
0.14323077371945006
0.14321995110054705
0.14320915123139985
0.14319837402982344
0.1431876194140534
0.1431768873027431
0.1431661776149611
0.1431554902701881
0.14314482518831462
0.14313418228963795
0.1431235614948597
0.14311296272508311
0.14310238590181032
0.1430918309469398
0.14308129778276385
0.14307078633196596
0.1430602965176183
0.14304982826317908
0.1430393814924902
0.1430289561297748
0.14301855209963446
0.14300816932704713
0.14299780773736454
0.1429874672563098
0.14297714780997497
0.14296684932481885
0.14295657172766446
0.14294631494569673
0.1429360789064602
0.14292586353785686
0.14291566876814354
0.14290549452593015
0.14289534074017696
0.14288520734019247
0.14287509425563155
0.14286500141649283
0.14285492875311667
0.14284487619618316
0.14283484367670965
0.14282483112604896
0.14281483847588705
0.14280486565824105
0.14279491260545718
0.1427849792502085
0.14277506552549316
0.14276517136463215
0.14275529670126744
0.14274544146935977
0.14273560560318704
0.14272578903734187
0.14271599170672994
0.14270621354656812
0.14269645449238233
0.14268671448000578
0.142676993445577
0.14266729132553793
0.14265760805663216
0.14264794357590316
0.14263829782069207
0.14262867072863628
0.1426190622376675
0.14260947228600976
0.1425999008121779
0.14259034775497567
0.14258081305349413
0.14257129664710957
0.14256179847548206
0.14255231847855368
0.14254285659654684
0.14253341276996234
0.1425239869395782
0.14251457904644751
0.14250518903189693
0.1424958168375251
0.142486462405201
0.14247712567706233
0.14246780659551375
0.14245850510322566
0.14244922114313224
0.14243995465842996
0.1424307055925762
0.1424214738892874
0.14241225949253788
0.1424030623465581
0.14239388239583317
0.14238471958510138
0.14237557385935246
0.1423664451638266
0.14235733344401272
0.14234823864564672
0.1423391607147105
0.14233009959743023
0.14232105524027505
0.14231202758995565
0.14230301659342282
0.14229402219786583
0.14228504435071157
0.14227608299962266
0.14226713809249647
0.14225820957746327
0.1422492974028854
0.14224040151735584
0.1422315218696964
0.142222658408957
0.14221381108441405
0.14220497984556923
0.14219616464214813
0.142187365424099
0.14217858214159143
0.14216981474501533
0.14216106318497926
0.1421523274123095
0.14214360737804874
0.1421349030334547
0.14212621432999917
0.1421175412193666
0.14210888365345276
0.14210024158436405
0.14209161496441572
0.14208300374613106
0.1420744078822402
0.14206582732567863
0.1420572620295866
0.14204871194730734
0.1420401770323865
0.14203165723857053
0.14202315251980596
0.14201466283023798
0.1420061881242094
0.14199772835625973
0.14198928348112388
0.14198085345373118
0.14197243822920422
0.14196403776285776
0.14195565201019786
0.14194728092692066
0.1419389244689112
0.1419305825922428
0.14192225525317553
0.14191394240815552
0.14190564401381378
0.14189736002696526
0.1418890904046078
0.14188083510392102
0.14187259408226569
0.14186436729718238
0.14185615470639049
0.14184795626778743
0.14183977193944772
0.14183160167962178
0.14182344544673517
0.14181530319938743
0.14180717489635145
0.1417990604965724
0.1417909599591664
0.14178287324342043
0.1417748003087906
0.14176674111490176
0.14175869562154628
0.14175066378868328
0.14174264557643784
0.14173464094510002
0.14172664985512376
0.1417186722671264
0.1417107081418875
0.14170275744034813
0.14169482012361004
0.1416868961529345
0.14167898548974203
0.14167108809561088
0.14166320393227672
0.14165533296163155
0.14164747514572293
0.14163963044675326
0.1416317988270786
0.14162398024920844
0.1416161746758044
0.14160838206967963
0.14160060239379815
0.1415928356112736
0.14158508168536896
0.14157734057949561
0.14156961225721246
0.14156189668222507
0.14155419381838527
0.1415465036296902
0.14153882608028132
0.14153116113444406
0.1415235087566067
0.14151586891134002
0.1415082415633562
0.1415006266775084
0.14149302421878981
0.14148543415233283
0.14147785644340882
0.1414702910574269
0.14146273795993344
0.14145519711661134
0.14144766849327947
0.1414401520558916
0.1414326477705361
0.14142515560343524
0.14141767552094395
0.14141020748955005
0.14140275147587264
0.14139530744666223
0.14138787536879954
0.141380455209295
0.14137304693528815
0.14136565051404704
0.14135826591296738
0.141350893099572
0.1413435320415102
0.14133618270655735
0.14132884506261364
0.1413215190777041
0.14131420471997774
0.14130690195770673
0.1412996107592861
0.14129233109323297
0.14128506292818585
0.14127780623290417
0.14127056097626783
0.14126332712727624
0.14125610465504776
0.14124889352881956
0.14124169371794645
0.14123450519190078
0.14122732792027148
0.14122016187276373
0.14121300701919828
0.14120586332951088
0.14119873077375175
0.14119160932208502
0.14118449894478813
0.14117739961225126
0.1411703112949768
0.14116323396357897
0.14115616758878294
0.14114911214142442
0.14114206759244927
0.14113503391291296
0.14112801107397963
0.1411209990469221
0.141113997803121
0.14110700731406436
0.14110002755134698
0.14109305848667025
0.14108610009184117
0.14107915233877205
0.14107221519948016
0.14106528864608697
0.14105837265081775
0.1410514671860011
0.1410445722240684
0.14103768773755337
0.14103081369909157
0.14102395008141974
0.14101709685737562
0.14101025399989725
0.1410034214820226
0.1409965992768889
0.14098978735773254
0.1409829856978881
0.14097619427078842
0.1409694130499637
0.14096264200904107
0.14095588112174467
0.14094913036189438
0.1409423897034059
0.14093565912029035
0.14092893858665329
0.1409222280766949
0.14091552756470915
0.1409088370250834
0.1409021564322981
0.1408954857609263
0.14088882498563313
0.14088217408117534
0.14087553302240122
0.14086890178424968
0.1408622803417501
0.14085566867002197
0.1408490667442742
0.14084247453980497
0.14083589203200125
0.1408293191963382
0.14082275600837915
0.14081620244377469
0.14080965847826268
0.14080312408766765
0.14079659924790044
0.14079008393495787
0.14078357812492212
0.14077708179396067
0.1407705949183256
0.1407641174743534
0.14075764943846447
0.1407511907871628
0.14074474149703559
0.14073830154475284
0.1407318709070669
0.1407254495608123
0.140719037482905
0.14071263465034262
0.14070624104020338
0.1406998566296462
0.1406934813959103
0.14068711531631448
0.14068075836825727
0.14067441052921612
0.14066807177674734
0.14066174208848553
0.14065542144214344
0.14064910981551143
0.14064280718645725
0.1406365135329256
0.14063022883293785
0.14062395306459166
0.1406176862060606
0.14061142823559383
0.14060517913151602
0.1405989388722265
0.14059270743619925
0.14058648480198271
0.14058027094819903
