0.1839486153824676
0.33588861411154347
0.49772554932837326
0.6256668469598401
0.10170896888033078
0.2054342712575655
0.3075288405680614
0.4005218525246017
0.095939744136516
0.1941750350302696
0.2905734439183673
0.383207920794601
0.09519144510375248
0.19150380309621376
0.2869360429055275
0.3800577994915549
0.09515006255151388
0.18958961718599976
0.28468335217059704
0.3778310300576104
0.09533823100302102
0.18688258269097513
0.28166545337573723
0.3742839811731634
0.09573611264140225
0.18221166293288396
0.27648147808652507
0.3677914005897406
0.09639221311787509
0.17416071093780983
0.26747999286497387
0.35626288389843197
0.09722157958418437
0.16203359929551225
0.2537323807243851
0.3383311739841789
0.097791763251287
0.14804048971695194
0.23755937649152323
0.31660967196658363
0.09758853630100928
0.13593768315428117
0.22337527168168902
0.2968198715204252
0.09655651490118275
0.12698751503532038
0.21295873046651626
0.2817648948197641
0.09499990173806032
0.12053984345354601
0.2056525977331997
0.2708285419105015
0.09325149595729874
0.11580245233184654
0.20046275342853315
0.26263623341881154
0.0915399090510805
0.11224257370188477
0.19668239198308163
0.2561347337778024
0.08999060673853065
0.10952200023383497
0.19385953846642384
0.25064974631044185
0.08866060567367465
0.10741958824316895
0.19170640593700117
0.2457665580636783
0.08756624838141167
0.10578521652400005
0.19003897646156007
0.24124165880839935
0.08669933359615833
0.1045124158139748
0.1887366868283064
0.23695005572441552
0.08603656408132018
0.10352146134749673
0.18771365281024754
0.2328473970947328
0.08554621951997965
0.10274902687567374
0.18690001392319944
0.2289358069899358
0.08519340962399943
0.1021421326174097
0.1862334176881657
0.22523399407971154
0.0849439288653386
0.10165491074426224
0.18565807494988995
0.22175663808732987
0.08476663821607058
0.10124725269113156
0.18512697967192437
0.21850535889386608
0.08463461455533482
0.10088465222659447
0.18460401275530025
0.21546922100372962
0.0845254726149181
0.10053859260046777
0.18406483365276394
0.2126305540091465
0.08442126198727276
0.1001869215751161
0.18349658150199208
0.20997189377559633
0.08430828998330812
0.09981392469052511
0.1828963821810228
0.20748084611285222
0.08417709172737116
0.09941007848201906
0.1822685358956756
0.2051511336030908
0.08402250697701055
0.09897155067448488
0.18162080182375528
0.20298006349840525
0.08384355445197225
0.09849943576903836
0.1809610404002482
0.20096458315172885
0.08364278201767959
0.09799866783904622
0.18029545309940348
0.19909854012859954
0.08342508380700292
0.0974766576801604
0.17962850684277326
0.19737227597340984
0.08319632391801951
0.09694186410203606
0.1789636134027171
0.19577384908704923
0.08296217878312767
0.0964025665620624
0.17830369211889002
0.1942906099021028
0.08272742102963412
0.09586602047325317
0.17765136491750155
0.19291036425316116
0.08249563841702356
0.09533803118929506
0.17700892719509598
0.19162198501351424
0.08226925803007352
0.09482286987331076
0.17637827540863335
0.1904156199909124
0.0820497304162941
0.0943234091217714
0.17576087633355858
0.18928267587454092
0.08183776536574289
0.09384136452070596
0.1751577874711355
0.1882157030170179
0.08163355641986396
0.09337756098765639
0.1745697095431718
0.18720824975105982
0.08143696607569412
0.09293217738534215
0.17399705056586753
0.18625471853176453
0.08124766498893259
0.09250494919940475
0.17343998807477423
0.1853502366271661
0.08106522925628448
0.09209532533824276
0.1728985230721846
0.18449054476218757
0.08088920397238125
0.0917025834152623
0.17237252387771748
0.1836719031613172
0.08071914176982958
0.09132591104410195
0.17186176046319804
0.1828910130161181
0.08055462393435038
0.09096446102755193
0.1713659308028145
0.18214495109261894
0.0803952700541106
0.0906173873781043
0.17088468093329764
0.18143111531944384
0.08024074056465134
0.09028386774677453
0.17041762023071777
0.18074717946605426
0.08009073521213378
0.08996311649382749
0.16996433311152603
0.18009105531152148
0.07994498943017266
0.0896543914901334
0.16952438807106035
0.17946086097339378
0.07980326988294903
0.08935699683602906
0.1690973447272718
0.17885489430025456
0.07966536991537072
0.0890702830088022
0.16868275934977595
0.17827161042932518
0.07953110531267815
0.0887936454608734
0.16828018921822965
0.17770960277504771
0.07940031055752787
0.08852652234589364
0.1678891960585263
0.17716758685026157
0.07927283564326863
0.08826839181177092
0.16750934873954654
0.17664438643269703
0.07914854342904691
0.08801876913797796
0.16714022536824752
0.1761389216800387
0.07902730748516379
0.08777720388654123
0.16678141488997908
0.17565019887028685
0.07890901036184599
0.0875432771651881
0.16643251827930883
0.17517730150360805
0.07879354221209504
0.08731659905535494
0.16609314939108594
0.1747193825499024
0.07868079970364578
0.08709680622883802
0.16576293552984897
0.17427565766508535
0.07857068516264937
0.08688355975910061
0.16544151778663158
0.17384539923037645
0.07846310590033273
0.08667654312276013
0.16512855118489939
0.17342793109417493
0.0783579736823629
0.08647546038097037
0.16482370467123703
0.17302262391656464
0.07825520430834784
0.08628003452755845
0.16452666098118707
0.172628891033102
0.07815471727557968
0.08609000598973929
0.16423711640612365
0.17224618476805428
0.07805643550672224
0.08590513126727488
0.16395478048310466
0.17187399313830082
0.07796028512572971
0.08572518169660268
0.16367937562620713
0.1715118368981678
0.07786619526996308
0.08554994232742036
0.1634106367148471
0.1711592668829286
0.07777409792938887
0.08537921090031249
0.16314831065197893
0.17081586161488085
0.07768392780602153
0.08521279691511706
0.16289215590281114
0.17048122514104538
0.07759562218853108
0.08505052078080184
0.16264194202273663
0.17015498507582663
0.0775091208382845
0.08489221303861683
0.1623974491815144
0.16983679082557585
0.07742436588410612
0.08473771365119448
0.1621584676893308
0.16952631197503934
0.0773413017238084
0.0845868713510851
0.1619247975291775
0.16922323681824902
0.07725987493110835
0.08443954304293674
0.16169624789898385
0.16892727101860575
0.07718003416696165
0.08429559325417131
0.161472636766108
0.16863813638477848
0.07710173009464748
0.08415489362957257
0.16125379043610427
0.16835556975065344
0.07702491529815086
0.08401732246569876
0.16103954313711255
0.16807932194894867
0.07694954420354153
0.08388276428147041
0.160829736620759
0.1678091568693123
0.07687557300315107
0.08375110942166902
0.16062421978007954
0.16754485059275923
0.07680295958241952
0.08362225369041999
0.16042284828467873
0.16728619059520572
0.07673166344932707
0.083496098012034
0.160225484233102
0.16703297501365397
0.07666164566635343
0.08337254811684382
0.16003199582221078
0.1667850119692671
0.07659286878492212
0.08325151424990807
0.1598422570332103
0.1665421189421847
0.07652529678229368
0.08313291090066091
0.15965614733387243
0.16630412219346305
0.07645889500087251
0.08301665655177039
0.1594735513964165
0.16607085622999432
0.07639363008989075
0.08290267344563322
0.1592943588304599
0.1658421633086788
0.07632946994942762
0.0827908873670796
0.1591184639304114
0.16561789297649124
0.07626638367671874
0.0826812274409927
0.1589457654366628
0.16539790164341187
0.07620434151470483
0.08257362594366575
0.15877616630992497
0.165182052185485
0.07614331480276332
0.08246801812682311
0.15860957351805588
0.16497021357552677
0.07608327592956433
0.08236434205332858
0.15844589783473811
0.16476226053923834
0.0760241982879869
0.08226253844368786
0.15828505364937612
0.16455807323468682
0.07596605623202969
0.08216255053252977
0.1581269587876029
0.16435753695330305
0.07590882503564798
0.08206432393432
0.15797153434180722
0.16416054184071294
0.0758524808534475
0.08196780651762438
0.15781870451111502
0.1639669826358685
0.0757970006831645
0.08187294828729502
0.1576683964502853
0.16377675842708087
0.07574236232986248
0.08177970127400533
0.157520540127004
0.16358977242367778
0.07568854437177402
0.08168801943060508
0.1573750681870858
0.16340593174211893
0.07563552612772025
0.08159785853481176
0.15723191582712087
0.1632251472055028
0.07558328762603811
0.0815091760977909
0.15709102067412617
0.1630473331554859
0.07553180957494987
0.08142193127821479
0.15695232267178644
0.1628724072757185
0.07548107333430948
0.08133608480142139
0.15681576397289476
0.16270029042597517
0.07543106088866217
0.08125159888332327
0.15668128883762328
0.16253090648622298
0.0753817548215571
0.08116843715874533
0.1565488435372775
0.16236418220993343
0.07533313829105301
0.08108656461389274
0.15641837626320937
0.16220004708599897
0.07528519500636112
0.08100594752267483
0.1562898370405818
0.16203843320866404
0.07523790920556955
0.08092655338662949
0.15616317764669815
0.1618792751549286
0.0751912656343978
0.08084835087821331
0.15603835153362655
0.16172250986892217
0.0751452495259306
0.08077130978723863
0.15591531375486614
0.16156807655278624
0.07509984658128355
0.08069540097025593
0.1557940208958185
0.16141591656363674
0.07505504295115457
0.08062059630269329
0.15567443100784112
0.16126597331621112
0.07501082521821767
0.08054686863357932
0.1555565035456749
0.1611181921908339
0.07496718038031708
0.08047419174268744
0.15544019930804964
0.16097252044636012
0.07492409583442297
0.08040254029995185
0.1553254803812853
0.1608289071377842
0.07488155936131008
0.08033188982701465
0.1552123100857155
0.1606873030382193
0.07483955911092438
0.08026221666077502
0.15510065292477404
0.16054766056497843
0.07479808358840323
0.08019349791881855
0.1549904745365921
0.16040993370950446
0.07475712164071689
0.08012571146661467
0.15488174164796475
0.16027407797091384
0.07471666244390093
0.08005883588637663
0.1547744220305545
0.16014005029293785
0.07467669549084989
0.07999285044748601
0.15466848445920578
0.16000780900405648
0.0746372105796456
0.07992773507839074
0.1545638986722553
0.15987731376063705
0.07459819780239292
0.07986347033989061
0.15446063533372678
0.15974852549290067
0.07455964753453864
0.07980003739973063
0.15435866599730746
0.15962140635355182
0.07452155042465052
0.07973741800842844
0.15425796307201067
0.15949591966891846
0.07448389738463262
0.07967559447626425
0.15415849978943108
0.15937202989245713
0.07444667958035758
0.07961454965136977
0.15406025017250954
0.15924970256049129
0.0744098884226949
0.07955426689885442
0.15396318900572595
0.15912890425005577
0.0743735155589159
0.07949473008091085
0.15386729180664427
0.15900960253873062
0.07433755286445815
0.07943592353784712
0.15377253479873965
0.15889176596635424
0.07430199243503187
0.07937783206999466
0.15367889488543984
0.15877536399851308
0.07426682657905216
0.07932044092044502
0.15358634962531842
0.15866036699171107
0.07423204781038142
0.07926373575857054
0.15349487720837995
0.15854674616012823
0.07419764884136826
0.07920770266428839
0.15340445643338235
0.1584344735438841
0.0741636225761681
0.07915232811302782
0.15331506668614214
0.1583235219787251
0.0741299621043327
0.07909759896136401
0.15322668791877458
0.15821386506706217
0.07409666069465676
0.07904350243328492
0.1531393006298209
0.1581054771502873
0.07406371178926882
0.07899002610705716
0.15305288584521867
0.15799833328230328
0.07403110899795601
0.07893715790266123
0.15296742510007394
0.15789240920420392
0.07399884609271185
0.07888488606976723
0.15288290042119546
0.1577876813200467
0.07396691700249658
0.07883319917622314
0.15279929431035372
0.15768412667366183
0.07393531580820131
0.07878208609703106
0.15271658972823066
0.15758172292644684
0.07390403673780582
0.07873153600378635
0.1526347700790252
0.1574804483360961
0.07387307416172242
0.07868153835455756
0.152553819195685
0.1573802817362204
0.0738424225883169
0.07863208288418523
0.15247372132573353
0.1572812025168126
0.07381207665959888
0.07858315959497918
0.15239446111766491
0.15718319060551741
0.07378203114707468
0.07853475874779564
0.15231602360788002
0.15708622644966755
0.07375228094775492
0.07848687085347548
0.15223839420813845
0.15699029099904882
0.07372282108031054
0.07843948666462668
0.15216155869350262
0.1568953656893595
0.07369364668137075
0.0783925971677347
0.15208550319075145
0.15680143242633124
0.07366475300195698
0.07834619357558574
0.15201021416724247
0.15670847357048096
0.07363613540404684
0.078300267319988
0.15193567842020156
0.15661647192246314
0.07360778935726253
0.07825481004477702
0.1518618830664213
0.15652541070899587
0.07357971043567872
0.07820981359909278
0.1517888155323501
0.1564352735693338
0.07355189431474488
0.07816527003091557
0.1517164635445543
0.1563460445422631
0.07352433676831689
0.07812117158084923
0.15164481512053657
0.15625770805359482
0.07349703366579396
0.07807751067614051
0.15157385855989605
0.1561702489041341
0.07346998096935611
0.07803427992492415
0.15150358243581408
0.15608365225810422
0.07344317473129827
0.07799147211068358
0.15143397558685212
0.1559979036320048
0.07341661109145704
0.07794908018691787
0.15136502710904876
0.1559129888838859
0.07339028627472645
0.07790709727200587
0.1512967263483022
0.15582889420301885
0.07336419658865896
0.07786551664425895
0.15122906289302696
0.15574560609994711
0.07333833842114824
0.07782433173715413
0.15116202656707245
0.15566311139690073
0.07331270823819094
0.07778353613474018
0.15109560742289313
0.15558139721855832
0.07328730258172363
0.07774312356720893
0.15102979573495945
0.15550045098314255
0.07326211806753259
0.07770308790662521
0.15096458199339968
0.1554202603938344
0.07323715138323318
0.07766342316280832
0.150899956897863
0.15534081343049272
0.07321239928631616
0.07762412347935907
0.15083591135159508
0.15526209834166685
0.07318785860225857
0.07758518312982618
0.15077243645571722
0.15518410363688961
0.07316352622269645
0.07754659651400633
0.1507095235037012
0.15510681807923943
0.07313939910365727
0.07750835815437254
0.15064716397603173
0.1550302306781604
0.07311547426384925
0.07747046269262507
0.15058534953504887
0.15495433068252978
0.0730917487830063
0.07743290488636086
0.15052407201996365
0.15487910757396273
0.07306821980028574
0.0773956796058559
0.15046332344204022
0.1548045510603456
0.07304488451271704
0.07735878183095628
0.15040309597993684
0.15473065106958678
0.07302174017369982
0.07732220664807382
0.15034338197520136
0.15465739774357878
0.07299878409154915
0.07728594924728191
0.15028417392791368
0.15458478143236148
0.07297601362808652
0.07725000491950772
0.15022546449247026
0.1545127926884794
0.07295342619727437
0.07721436905381675
0.15016724647350485
0.15444142226152477
0.07293101926389348
0.07717903713478692
0.15010951282194096
0.15437066109286043
0.07290879034226072
0.07714400473996769
0.15005225663117
0.15430050031051412
0.07288673699498621
0.07710926753742174
0.14999547113335165
0.15423093122423875
0.07286485683176844
0.07707482128334578
0.14993914969583072
0.15416194532073169
0.07284314750822588
0.07704066181976754
0.14988328581766674
0.1540935342590071
0.07282160672476375
0.07700678507231587
0.14982787312627233
0.154025689865916
0.07280023222547499
0.07697318704806173
0.14977290537415577
0.153958404131808
0.0727790217970739
0.07693986383342682
0.14971837643576452
0.1538916692063296
0.07275797326786124
0.07690681159215763
0.14966428030442547
0.15382547739435418
0.0727370845067204
0.0768740265633628
0.14961061108937898
0.15375982115203846
0.07271635342214239
0.07684150505961071
0.14955736301290284
0.1536946930830012
0.07269577796127989
0.07680924346508594
0.1495045304075234
0.15363008593461938
0.07267535610902853
0.07677723823380203
0.14945210771331047
0.15356599259443793
0.07265508588713473
0.07674548588786848
0.14940008947525305
0.15350240608668844
0.0726349653533292
0.07671398301581012
0.14934847034071297
0.15343931956891338
0.07261499260048532
0.07668272627093727
0.14929724505695416
0.15337672632869187
0.07259516575580151
0.07665171236976444
0.14924640846874454
0.15331461978046373
0.07257548298000656
0.07662093809047607
0.14919595551602763
0.15325299346244747
0.07255594246658746
0.07659040027143763
0.14914588123166256
0.1531918410336501
0.07253654244103913
0.07656009580975086
0.14909618073922903
0.15313115627096466
0.07251728116013453
0.07653002165985072
0.14904684925089584
0.15307093306635297
0.07249815691121564
0.07650017483214379
0.14899788206535025
0.15301116542411042
0.07247916801150357
0.07647055239168563
0.1489492745657863
0.15295184745820975
0.07246031280742785
0.07644115145689642
0.14890102221795035
0.15289297338972174
0.07244158967397392
0.07641196919831343
0.14885312056824163
0.15283453754430956
0.07242299701404863
0.07638300283737902
0.1488055652418661
0.15277653434979493
0.07240453325786267
0.076354249645263
0.14875835194104203
0.15271895833379315
0.07238619686232962
0.07632570694171807
0.14871147644325483
0.15266180412141453
0.07236798631048144
0.07629737209396774
0.14866493459956098
0.15260506643303118
0.0723499001108992
0.07626924251562486
0.14861872233293777
0.1525487400821054
0.0723319367971591
0.07624131566564049
0.14857283563667872
0.15249281997307887
0.07231409492729308
0.0762135890472817
0.14852727057283244
0.15243730109932008
0.07229637308326364
0.07618606020713739
0.14848202327068366
0.15238217854112815
0.07227876987045259
0.07615872673415174
0.1484370899252758
0.15232744746379168
0.07226128391716255
0.07613158625868309
0.14839246679597196
0.1522731031156997
0.07224391387413223
0.07610463645158949
0.14834815020505593
0.1522191408265048
0.07222665841406342
0.0760778750233378
0.14830413653636876
0.152165556005335
0.07220951623116068
0.07605129972313734
0.14826042223398245
0.15211234413905386
0.07219248604068239
0.07602490833809644
0.1482170038009082
0.1520595007905675
0.07217556657850363
0.0759986986924014
0.14817387779783792
0.1520070215971755
0.07215875660068989
0.07597266864651724
0.14813104084191986
0.15195490226896702
0.07214205488308148
0.07594681609640926
0.14808848960556426
0.1519031385872573
0.07212546022088859
0.07592113897278527
0.1480462208152813
0.1518517264030667
0.07210897142829624
0.07589563524035724
0.1480042312505479
0.15180066163563838
0.07209258733807931
0.07587030289712239
0.14796251774270427
0.15174994027099495
0.07207630680122677
0.07584513997366255
0.14792107717387765
0.15169955836053195
0.07206012868657555
0.07582014453246178
0.14787990647593408
0.15164951201964794
0.07204405188045312
0.07579531466724124
0.14783900262945626
0.1515997974264094
0.07202807528632887
0.075770648502311
0.14779836266274687
0.1515504108202493
0.07201219782447404
0.07574614419193834
0.14775798365085735
0.15150134850069952
0.07199641843162986
0.075721799919732
0.14771786271463994
0.151452606826154
0.0719807360606836
0.07569761389804168
0.14767799701982418
0.15140418221266422
0.07196514968035253
0.07567358436737277
0.14763838377611543
0.15135607113276375
0.07194965827487532
0.07564970959581549
0.14759902023631574
0.1513082701143227
0.07193426084371086
0.07562598787848814
0.14755990369546612
0.1512607757394301
0.0719189564012442
0.07560241753699416
0.14752103149000986
0.1512135846433041
0.07190374397649933
0.07557899691889249
0.14748240099697585
0.15116669351322892
0.07188862261285903
0.07555572439718083
0.14744400963318158
0.15112009908751745
0.07187359136779062
0.07553259836979129
0.1474058548544555
0.15107379815449945
0.07185864931257897
0.07550961725909863
0.1473679341548776
0.151027787551534
0.07184379553206488
0.07548677951143996
0.1473302450660382
0.15098206416404586
0.07182902912439013
0.07546408359664626
0.14729278515631472
0.1509366249245851
0.07181434920074792
0.07544152800758477
0.1472555520301644
0.15089146681190863
0.07179975488513934
0.0754191112597126
0.14721854332743475
0.15084658685008423
0.07178524531413523
0.07539683189064053
0.14718175672268946
0.15080198210761558
0.07177081963664363
0.07537468845970759
0.14714518992455028
0.15075764969658773
0.07175647701368212
0.07535267954756503
0.14710884067505386
0.1507135867718327
0.0717422166181557
0.0753308037557704
0.14707270674902378
0.1506697905301149
0.07172803763463954
0.0753090597063912
0.14703678595345673
0.1506262582093351
0.07171393925916632
0.07528744604161708
0.14700107612692281
0.150582987087753
0.07169992069901858
0.07526596142338168
0.1469655751389795
0.15053997448322784
0.07168598117252567
0.07524460453299281
0.14693028088959892
0.1504972177524763
0.07167211990886499
0.07522337407077107
0.14689519130860787
0.15045471429034735
0.0716583361478678
0.07520226875569688
0.14686030435514097
0.15041246152911403
0.0716446291398291
0.07518128732506532
0.14682561801710534
0.15037045693778078
0.07163099814532176
0.07516042853414887
0.14679113031065755
0.15032869802140647
0.07161744243501472
0.07513969115586774
0.14675683927969252
0.15028718232044322
0.07160396128949502
0.07511907398046758
0.14672274299534308
0.15024590741008934
0.07159055399909377
0.07509857581520434
0.14668883955549114
0.15020487089965726
0.07157721986371567
0.07507819548403609
0.14665512708428913
0.15016407043195498
0.07156395819267242
0.07505793182732184
0.14662160373169217
0.15012350368268174
0.07155076830451948
0.07503778370152679
0.14658826767300037
0.15008316835983662
0.07153764952689644
0.07501774997893415
0.14655511710841113
0.15004306220314045
0.07152460119637066
0.07499782954736332
0.1465221502625807
0.15000318298346987
0.07151162265828404
0.07497802130989387
0.14648936538419588
0.14996352850230446
0.07149871326660359
0.07495832418459623
0.14645676074555425
0.1499240965911851
0.07148587238377431
0.07493873710426721
0.14642433464215365
0.1498848851111845
0.07147309938057578
0.07491925901617214
0.14639208539229037
0.149845891952389
0.0714603936359814
0.07489988888179185
0.14636001133666582
0.1498071150333915
0.07144775453702056
0.07488062567657543
0.14632811083800146
0.14976855230079505
0.07143518147864385
0.07486146838969823
0.14629638228066183
0.14973020172872728
0.07142267386359068
0.07484241602382467
0.14626482407028563
0.14969206131836502
0.07141023110225998
0.07482346759487651
0.14623343463342414
0.1496541290974687
0.0713978526125832
0.07480462213180555
0.14620221241718756
0.14961640311992694
0.07138553781990019
0.07478587867637149
0.14617115588889826
0.14957888146531034
0.07137328615683716
0.07476723628292395
0.1461402635357516
0.14954156223843484
0.07136109706318775
0.07474869401818965
0.14610953386448336
0.14950444356893397
0.07134896998579567
0.07473025096106332
0.1460789654010441
0.14946752361084
0.07133690437844041
0.07471190620240341
0.1460485566902802
0.1494308005421738
0.07132489970172479
0.07469365884483174
0.1460183062956214
0.14939427256454307
0.07131295542296481
0.07467550800253732
0.14598821279877436
0.14935793790274857
0.07130107101608188
0.07465745280108423
0.14595827479942297
0.14932179480439897
0.07128924596149684
0.0746394923772233
0.1459284909149341
0.14928584153953303
0.0712774797460264
0.07462162587870769
0.14589885978006942
0.14925007640024923
0.07126577186278124
0.07460385246411204
0.14586938004670322
0.14921449770034367
0.07125412181106645
0.07458617130265542
0.1458400503835454
0.14917910377495439
0.07124252909628376
0.07456858157402789
0.14581086947587046
0.14914389298021347
0.0712309932298354
0.07455108246822002
0.14578183602525122
0.14910886369290555
0.07121951372903025
0.07453367318535647
0.1457529487492981
0.14907401431013334
0.07120809011699161
0.0745163529355325
0.14572420638140376
0.14903934324899
0.07119672192256651
0.07449912093865357
0.1456956076704922
0.1490048489462376
0.07118540868023714
0.0744819764242785
0.145667151380773
0.14897052985799197
0.07117414993003372
0.07446491863146538
0.14563883629150043
0.14893638445941407
0.0711629452174489
0.07444794680862044
0.1456106611967368
0.14890241124440667
0.07115179409335409
0.07443106021335007
0.14558262490512086
0.14886860872531782
0.07114069611391728
0.07441425811231583
0.14555472623964033
0.1488349754326493
0.0711296508405222
0.07439753978109184
0.14552696403740895
0.1488015099147714
0.07111865783968904
0.07438090450402506
0.14549933714944724
0.14876821073764204
0.07110771668299687
0.07436435157409844
0.14547184444046835
0.14873507648453285
0.07109682694700727
0.07434788029279657
0.14544448478866712
0.14870210575575915
0.07108598821318947
0.07433148996997378
0.14541725708551362
0.1486692971684159
0.07107520006784677
0.07431517992372484
0.14539016023555007
0.14863664935611784
0.07106446210204449
0.07429894948025817
0.14536319315619223
0.14860416096874565
0.0710537739115391
0.0742827979737713
0.14533635477753382
0.1485718306721958
0.07104313509670848
0.07426672474632862
0.14530964404215502
0.1485396571481358
0.07103254526248393
0.07425072914774174
0.14528305990493418
0.14850763909376363
0.07102200401828283
0.0742348105354516
0.14525660133286336
0.14847577522157196
0.07101151097794302
0.07421896827441324
0.14523026730486693
0.14844406425911655
0.071001065759658
0.07420320173698239
0.1452040568116237
0.14841250494878894
0.07099066798591348
0.07418751030280422
0.14517796885539233
0.14838109604759359
0.07098031728342495
0.07417189335870422
0.14515200244983947
0.1483498363269285
0.07097001328307645
0.07415635029858093
0.14512615661987166
0.14831872457237064
0.07095975561986043
0.07414088052330088
0.14510043040146997
0.14828775958346488
0.07094954393281853
0.07412548344059505
0.14507482284152734
0.1482569401735165
0.07093937786498371
0.0741101584649577
0.14504933299768935
0.14822626516938814
0.07092925706332288
0.0740949050175465
0.14502395993819756
0.14819573341129982
0.07091918117868122
0.07407972252608491
0.14499870274173554
0.14816534375263282
0.0709091498657267
0.07406461042476598
0.14497356049727778
0.14813509505973696
0.07089916278289642
0.07404956815415822
0.1449485323039416
0.14810498621174173
0.07088921959234293
0.07403459516111269
0.1449236172708408
0.14807501610037008
0.07087931995988238
0.07401969089867216
0.1448988145169428
0.14804518362975616
0.07086946355494296
0.0740048548259817
0.1448741231709279
0.14801548771626602
0.07085965005051442
0.07399008640820076
0.14484954237105077
0.14798592728832144
0.07084987912309854
0.07397538511641703
0.14482507126500482
0.14795650128622692
0.07084015045266029
0.07396075042756164
0.14480070900978861
0.14792720866199985
0.07083046372257988
0.07394618182432577
0.14477645477157458
0.14789804837920323
0.0708208186196057
0.073931678795079
0.14475230772558023
0.14786901941278188
0.07081121483380787
0.07391724083378876
0.14472826705594144
0.14784012074890107
0.07080165205853294
0.07390286743994148
0.14470433195558782
0.14781135138478813
0.07079212999035875
0.07388855811846474
0.1446805016261204
0.14778271032857668
0.07078264832905062
0.0738743123796511
0.14465677527769105
0.14775419659915354
0.07077320677751808
0.0738601297390831
0.14463315212888472
0.14772580922600864
0.0707638050417721
0.0738460097175594
0.1446096314066026
0.14769754724908687
0.07075444283088346
0.0738319518410226
0.1445862123459482
0.147669409718643
0.07074511985694128
0.07381795564048761
0.14456289419011464
0.14764139569509854
0.07073583583501278
0.07380402065197197
0.1445396761902744
0.14761350424890168
0.07072659048310333
0.07379014641642688
0.14451655760547066
0.14758573446038917
0.07071738352211712
0.07377633247966936
0.14449353770251008
0.1475580854196503
0.07070821467581903
0.07376257839231612
0.1444706157558584
0.14753055622639405
0.07069908367079623
0.07374888370971765
0.1444477910475363
0.14750314598981715
0.07068999023642114
0.0737352479918941
0.14442506286701842
0.14747585382847567
0.07068093410481477
0.0737216708034721
0.1444024305111331
0.14744867887015786
0.07067191501081034
0.07370815171362224
0.1443798932839641
0.14742162025175942
0.07066293269191821
0.0736946902959983
0.14435745049675414
0.14739467711916102
0.07065398688829043
0.07368128612867658
0.14433510146780915
0.14736784862710706
0.07064507734268674
0.07366793879409715
0.14431284552240553
0.14734113393908768
0.07063620380044043
0.0736546478790052
0.1442906819926974
0.14731453222722143
0.07062736600942525
0.07364141297439414
0.14426861021762644
0.14728804267214085
0.07061856372002248
0.07362823367544892
0.14424662954283246
0.14726166446287905
0.07060979668508882
0.07361510958149091
0.14422473932056612
0.14723539679675907
0.07060106465992441
0.0736020402959231
0.14420293890960226
0.1472092388792841
0.07059236740224183
0.07358902542617655
0.14418122767515512
0.14718318992403007
0.07058370467213516
0.0735760645836577
0.1441596049887951
0.14715724915254003
0.07057507623204974
0.07356315738369616
0.14413807022836592
0.14713141579421943
0.07056648184675239
0.07355030344549388
0.14411662277790438
0.14710568908623428
0.07055792128330204
0.07353750239207464
0.14409526202756023
0.1470800682734098
0.07054939431102084
0.07352475385023467
0.14407398737351812
0.14705455260813155
0.07054090070146568
0.07351205745049388
0.1440527982179202
0.14702914135024747
0.0705324402284002
0.07349941282704786
0.14403169396879023
0.14700383376697182
0.07052401266776724
0.07348681961772081
0.1440106740399589
0.14697862913279064
0.07051561779766169
0.07347427746391902
0.14398973785099026
0.14695352672936865
0.07050725539830364
0.07346178601058513
0.14396888482710915
0.14692852584545746
0.07049892525201218
0.07344934490615312
0.1439481143991299
0.1469036257768054
0.07049062714317936
0.07343695380250405
0.1439274260033861
0.14687882582606862
0.07048236085824469
0.07342461235492236
0.14390681908166145
0.1468541253027237
0.07047412618566999
0.07341232022205299
0.14388629308112177
0.1468295235229817
0.07046592291591466
0.07340007706585916
0.1438658474542478
0.1468050198097031
0.0704577508414112
0.0733878825515806
0.14384548165876931
0.14678061349231458
0.07044960975654102
0.07337573634769248
0.1438251951575997
0.14675630390672648
0.0704414994576112
0.07336363812586547
0.14380498741877273
0.1467320903952526
0.07043341974283066
0.07335158756092543
0.1437848579153786
0.1467079723065296
0.07042537041228748
0.07333958433081467
0.1437648061255024
0.14668394899543932
0.07041735126792623
0.07332762811655326
0.14374483153216275
0.146660019823031
0.07040936211352548
0.07331571860220103
0.14372493362325145
0.14663618415644536
0.07040140275467612
0.0733038554748203
0.14370511189147422
0.1466124413688396
0.0703934729987594
0.07329203842443888
0.14368536583429237
0.14658879083931378
0.07038557265492568
0.07328026714401387
0.14366569495386466
0.1465652319528375
0.07037770153407359
0.07326854132939603
0.1436460987569913
0.14654176410017905
0.07036985944882916
0.07325686067929452
0.1436265767550575
0.14651838667783434
0.07036204621352521
0.07324522489524199
0.14360712846397838
0.14649509908795744
0.07035426164418164
0.07323363368156086
0.14358775340414515
0.14647190073829228
0.07034650555848522
0.07322208674532926
0.1435684511003711
0.14644879104210504
0.07033877777577024
0.07321058379634807
0.1435492210818391
0.14642576941811764
0.07033107811699923
0.07319912454710828
0.1435300628820499
0.14640283529044248
0.07032340640474392
0.07318770871275868
0.1435109760387706
0.14637998808851768
0.07031576246316651
0.07317633601107419
0.14349196009398443
0.14635722724704356
0.07030814611800121
0.0731650061624246
0.14347301459384093
0.14633455220591998
0.07030055719653618
0.07315371888974385
0.14345413908860705
0.14631196241018465
0.07029299552759544
0.07314247391849955
0.14343533313261891
0.14628945730995235
0.07028546094152126
0.07313127097666311
0.14341659628423412
0.14626703636035474
0.07027795327015672
0.07312010979468031
0.1433979281057849
0.14624469902148146
0.0702704723468285
0.07310899010544214
0.14337932816353183
0.14622244475832183
0.07026301800633007
0.07309791164425633
0.14336079602761842
0.14620027304070748
0.07025559008490471
0.07308687414881888
0.14334233127202586
0.14617818334325558
0.07024818842022938
0.07307587735918653
0.1433239334745292
0.14615617514531343
0.07024081285139822
0.07306492101774904
0.14330560221665326
0.14613424793090313
0.07023346321890656
0.07305400486920231
0.14328733708362976
0.14611240118866753
0.07022613936463533
0.0730431286605218
0.14326913766435492
0.1460906344118169
0.07021884113183517
0.07303229214093603
0.1432510035513475
0.14606894709807602
0.07021156836511137
0.07302149506190087
0.14323293434070766
0.14604733874963255
0.07020432091040854
0.07301073717707392
0.14321492963207616
0.1460258088730855
0.07019709861499564
0.07300001824228929
0.14319698902859423
0.146004356979395
0.0701899013274514
0.07298933801553288
0.1431791121368642
0.14598298258383255
0.07018272889764963
0.07297869625691779
0.14316129856691026
0.14596168520593172
0.07017558117674501
0.07296809272866023
0.14314354793214012
0.14594046436944003
0.07016845801715879
0.07295752719505567
0.14312585984930692
0.1459193196022709
0.07016135927256495
0.0729469994224554
0.14310823393847197
0.14589825043645693
0.07015428479787646
0.07293650917924342
0.14309066982296786
0.14587725640810348
0.07014723444923154
0.07292605623581346
0.1430731671293617
0.14585633705734238
0.07014020808398051
0.07291564036454666
0.1430557254874198
0.1458354919282877
0.07013320556067226
0.07290526133978913
0.14303834453007153
0.14581472056899022
0.07012622673904156
0.07289491893783032
0.14302102389337512
0.14579402253139442
0.07011927147999589
0.07288461293688112
0.14300376321648262
0.14577339737129452
0.07011233964560289
0.07287434311705275
0.14298656214160613
0.1457528446482922
0.07010543109907784
0.07286410926033568
0.14296942031398435
0.14573236392575417
0.07009854570477118
0.07285391115057879
0.14295233738184912
0.14571195477077065
0.07009168332815657
0.07284374857346916
0.14293531299639328
0.14569161675411466
0.0700848438358185
0.07283362131651157
0.14291834681173804
0.1456713494502011
0.07007802709544071
0.07282352916900883
0.14290143848490122
0.1456511524370471
0.07007123297579425
0.07281347192204198
0.14288458767576626
0.14563102529623279
0.07006446134672616
0.07280344936845112
0.1428677940470509
0.14561096761286219
0.0700577120791477
0.07279346130281596
0.14285105726427666
0.14559097897552484
0.07005098504502345
0.07278350752143727
0.14283437699573892
0.14557105897625833
0.0700442801173599
0.072773587822318
0.14281775291247698
0.14555120721051065
0.07003759717019464
0.07276370200514515
0.14280118468824482
0.14553142327710353
0.07003093607858549
0.07275384987127151
0.14278467199948214
0.14551170677819605
0.0700242967185997
0.07274403122369769
0.1427682145252857
0.14549205731924886
0.07001767896730347
0.07273424586705458
0.14275181194738115
0.14547247450898865
0.07001108270275164
0.07272449360758604
0.14273546395009518
0.14545295795937332
0.0700045078039771
0.07271477425313136
0.1427191702203281
0.14543350728555765
0.06999795415098095
0.07270508761310865
0.14270293044752658
0.14541412210585905
0.06999142162472226
0.07269543349849787
0.14268674432365697
0.14539480204172406
0.06998491010710824
0.07268581172182438
0.1426706115431789
0.1453755467176954
0.06997841948098445
0.07267622209714261
0.142654531803019
0.14535635576137898
0.06997194963012515
0.07266666444001993
0.14263850480254542
0.1453372288034118
0.06996550043922375
0.07265713856752073
0.1426225302435421
0.14531816547743004
0.06995907179388346
0.07264764429819087
0.14260660783018397
0.14529916542003773
0.06995266358060791
0.07263818145204201
0.1425907372690119
0.14528022827077539
0.06994627568679197
0.07262874985053634
0.14257491826890833
0.14526135367208964
0.06993990800071284
0.07261934931657164
0.14255915054107332
0.14524254126930303
0.06993356041152088
0.07260997967446617
0.14254343379900028
0.1452237907105838
0.06992723280923091
0.07260064074994405
0.14252776775845272
0.1452051016469167
0.06992092508471345
0.07259133237012073
0.1425121521374409
0.14518647373207366
0.06991463712968612
0.07258205436348866
0.14249658665619885
0.14516790662258527
0.06990836883670508
0.07257280655990307
0.14248107103716184
0.14514939997771223
0.06990212009915661
0.07256358879056798
0.1424656050049437
0.1451309534594173
0.06989589081124885
0.07255440088802244
0.14245018828631495
0.1451125667323377
0.06988968086800369
0.07254524268612696
0.1424348206101809
0.14509423946375777
0.06988349016524838
0.07253611402004977
0.14241950170756001
0.14507597132358196
0.0698773185996078
0.07252701472625381
0.14240423131156268
0.14505776198430817
0.06987116606849648
0.07251794464248353
0.14238900915737016
0.1450396111210015
0.06986503247011067
0.07250890360775174
0.14237383498221368
0.14502151841126804
0.06985891770342083
0.07249989146232709
0.1423587085253542
0.14500348353522954
0.06985282166816378
0.07249090804772113
0.1423436295280619
0.14498550617549782
0.06984674426483536
0.07248195320667601
0.14232859773359613
0.1449675860171497
0.06984068539468297
0.07247302678315215
0.14231361288718591
0.14494972274770257
0.06983464495969799
0.07246412862231583
0.14229867473601004
0.1449319160570895
0.06982862286260884
0.07245525857052737
0.14228378302917793
0.1449141656376354
0.06982261900687357
0.07244641647532916
0.1422689375177108
0.14489647118403334
0.06981663329667297
0.07243760218543398
0.14225413795452244
0.14487883239332067
0.06981066563690326
0.07242881555071315
0.1422393840944007
0.14486124896485583
0.06980471593316954
0.07242005642218544
0.14222467569398936
0.1448437206002956
0.06979878409177868
0.07241132465200541
0.14221001251176973
0.14482624700357222
0.06979287001973268
0.07240262009345244
0.14219539430804268
0.14480882788087093
0.0697869736247219
0.07239394260091954
0.14218082084491107
0.144791462940608
0.06978109481511859
0.0723852920299025
0.14216629188626206
0.14477415189340861
0.06977523349997027
0.07237666823698914
0.1421518071977501
0.14475689445208562
0.06976938958899333
0.07236807107984854
0.1421373665467794
0.14473969033161765
0.0697635629925666
0.07235950041722056
0.14212296970248733
0.1447225392491285
0.06975775362172514
0.07235095610890545
0.14210861643572764
0.14470544092386597
0.06975196138815391
0.07234243801575355
0.14209430651905397
0.14468839507718143
0.06974618620418176
0.07233394599965512
0.14208003972670338
0.14467140143250917
0.0697404279827752
0.07232547992353033
0.1420658158345806
0.14465445971534685
0.06973468663753249
0.07231703965131929
0.14205163462024173
0.144637569653235
0.0697289620826777
0.07230862504797232
0.14203749586287873
0.1446207309757378
0.06972325423305477
0.07230023597944014
0.1420233993433036
0.1446039434144233
0.06971756300412177
0.07229187231266447
0.1420093448439334
0.1445872067028447
0.06971188831194515
0.07228353391556835
0.1419953321487747
0.14457052057652092
0.06970623007319406
0.07227522065704699
0.14198136104340872
0.14455388477291817
0.06970058820513468
0.07226693240695835
0.14196743131497647
0.1445372990314313
0.06969496262562488
0.0722586690361142
0.14195354275216404
0.14452076309336553
0.06968935325310853
0.07225043041627095
0.14193969514518812
0.14450427670191832
0.06968376000661013
0.07224221642012071
0.14192588828578157
0.1444878396021615
0.06967818280572952
0.07223402692128253
0.1419121219671795
0.14447145154102367
0.06967262157063656
0.0722258617942937
0.14189839598410492
0.14445511226727265
0.06966707622206582
0.07221772091460105
0.14188471013275505
0.1444388215314981
0.06966154668131157
0.07220960415855252
0.1418710642107878
0.14442257908609477
0.06965603287022247
0.07220151140338867
0.1418574580173078
0.14440638468524528
0.0696505347111967
0.0721934425272344
0.14184389135285358
0.1443902380849037
0.0696450521271767
0.07218539740909065
0.1418303640193837
0.14437413904277882
0.0696395850416446
0.07217737592882639
0.14181687582026425
0.14435808731831806
0.0696341333786169
0.07216937796717043
0.14180342656025557
0.14434208267269127
0.06962869706263994
0.07216140340570351
0.14179001604549943
0.14432612486877458
0.06962327601878503
0.07215345212685058
0.1417766440835068
0.14431021367113525
0.06961787017264363
0.07214552401387275
0.14176331048314478
0.1442943488460153
0.0696124794503228
0.07213761895085984
0.1417500150546246
0.1442785301613167
0.06960710377844054
0.07212973682272272
0.14173675760948934
0.14426275738658592
0.06960174308412113
0.07212187751518577
0.14172353796060178
0.14424703029299893
0.06959639729499069
0.07211404091477935
0.14171035592213238
0.14423134865334614
0.06959106633917268
0.0721062269088327
0.1416972113095477
0.14421571224201798
0.06958575014528348
0.07209843538546644
0.14168410393959852
0.14420012083499018
0.069580448642428
0.07209066623358552
0.1416710336303082
0.1441845742098093
0.06957516176019533
0.07208291934287205
0.1416580002009614
0.1441690721455785
0.06956988942865451
0.0720751946037783
0.14164500347209286
0.14415361442294383
0.06956463157835023
0.07206749190751977
0.1416320432654759
0.14413820082407972
0.06955938814029866
0.07205981114606826
0.1416191194041117
0.14412283113267568
0.06955415904598335
0.07205215221214514
0.14160623171221812
0.1441075051339225
0.06954894422735103
0.0720445149992146
0.14159338001521893
0.14409222261449875
0.06954374361680768
0.07203689940147703
0.14158056413973324
0.14407698336255753
0.06953855714721444
0.07202930531386241
0.14156778391356473
0.14406178716771334
0.06953338475188355
0.07202173263202376
0.14155503916569134
0.144046633821029
0.06952822636457465
0.07201418125233087
0.1415423297262548
0.14403152311500278
0.06952308191949066
0.07200665107186378
0.14152965542655038
0.14401645484355552
0.06951795135127412
0.07199914198840657
0.14151701609901685
0.1440014288020183
0.06951283459500322
0.0719916539004411
0.14150441157722637
0.14398644478711975
0.06950773158618812
0.07198418670714081
0.1414918416958746
0.1439715025969738
0.06950264226076734
0.07197674030836487
0.14147930629077093
0.14395660203106755
0.06949756655510383
0.07196931460465178
0.1414668051988286
0.14394174289024886
0.06949250440598152
0.0719619094972137
0.1414543382580554
0.143926924976715
0.06948745575060168
0.07195452488793053
0.14144190530754394
0.14391214809400038
0.0694824205265792
0.07194716067934383
0.14142950618746225
0.1438974120469649
0.0694773986719393
0.07193981677465139
0.14141714073904454
0.14388271664178262
0.06947239012511382
0.07193249307770126
0.14140480880458206
0.1438680616859301
0.06946739482493794
0.07192518949298632
0.14139251022741392
0.14385344698817534
0.06946241271064658
0.07191790592563845
0.14138024485191805
0.14383887235856624
0.06945744372187121
0.07191064228142324
0.14136801252350234
0.14382433760841978
0.0694524877986363
0.07190339846673437
0.1413558130885959
0.14380984255031112
0.06944754488135613
0.0718961743885882
0.14134364639464003
0.14379538699806235
0.06944261491083153
0.07188896995461859
0.14133151229008017
0.14378097076673252
0.06943769782824645
0.07188178507307127
0.14131941062435655
0.14376659367260602
0.06943279357516503
0.07187461965279904
0.14130734124789646
0.143752255533183
0.06942790209352817
0.07186747360325618
0.1412953040121056
0.14373795616716853
0.06942302332565041
0.07186034683449344
0.14128329876935952
0.14372369539446214
0.06941815721421703
0.07185323925715317
0.14127132537299603
0.14370947303614826
0.06941330370228072
0.07184615078246405
0.1412593836773066
0.14369528891448552
0.06940846273325862
0.07183908132223614
0.14124747353752848
0.14368114285289718
0.06940363425092932
0.07183203078885607
0.14123559480983683
0.1436670346759611
0.06939881819942981
0.07182499909528209
0.14122374735133675
0.14365296420939996
0.06939401452325253
0.07181798615503922
0.14121193102005553
0.1436389312800717
0.06938922316724258
0.07181099188221467
0.14120014567493502
0.14362493571595997
0.06938444407659457
0.07180401619145281
0.14118839117582394
0.14361097734616457
0.06937967719684991
0.07179705899795075
0.14117666738347034
0.14359705600089218
0.06937492247389407
0.07179012021745369
0.14116497415951412
0.143583171511447
0.06937017985395341
0.07178319976625017
0.14115331136647982
0.14356932371022185
0.06936544928359276
0.07177629756116766
0.14114167886776885
0.14355551243068854
0.06936073070971248
0.07176941351956814
0.14113007652765286
0.14354173750738952
0.06935602407954577
0.07176254755934357
0.141118504211266
0.14352799877592853
0.06935132934065595
0.07175569959891145
0.14110696178459828
0.14351429607296207
0.06934664644093383
0.07174886955721065
0.14109544911448824
0.14350062923619056
0.06934197532859497
0.07174205735369686
0.14108396606861612
0.14348699810434973
0.06933731595217717
0.07173526290833857
0.14107251251549693
0.14347340251720203
0.0693326682605378
0.07172848614161272
0.14106108832447378
0.14345984231552844
0.0693280322028512
0.07172172697450047
0.14104969336571085
0.14344631734111965
0.06932340772860622
0.07171498532848322
0.14103832751018702
0.14343282743676827
0.06931879478760368
0.07170826112553848
0.14102699062968907
0.14341937244626032
0.06931419332995377
0.07170155428813565
0.14101568259680514
0.14340595221436714
0.06930960330607375
0.07169486473923228
0.14100440328491837
0.1433925665868375
0.06930502466668534
0.07168819240226985
0.14099315256820028
0.1433792154103895
0.06930045736281241
0.07168153720117006
0.1409819303216047
0.14336589853270285
0.06929590134577848
0.07167489906033069
0.1409707364208611
0.1433526158024108
0.0692913565672045
0.07166827790462202
0.14095957074246887
0.14333936706909287
0.06928682297900626
0.07166167365938275
0.14094843316369055
0.14332615218326664
0.06928230053339232
0.07165508625041649
0.14093732356254618
0.14331297099638068
0.06927778918286152
0.07164851560398779
0.14092624181780722
0.1432998233608069
0.06927328888020073
0.07164196164681853
0.14091518780899018
0.1432867091298329
0.06926879957848267
0.07163542430608433
0.14090416141635118
0.14327362815765501
0.06926432123106353
0.07162890350941074
0.1408931625208797
0.1432605802993706
0.0692598537915809
0.07162239918486982
0.14088219100429306
0.14324756541097144
0.06925539721395146
0.0716159112609765
0.1408712467490305
0.14323458334933598
0.06925095145236883
0.07160943966668504
0.1408603296382474
0.1432216339722226
0.06924651646130145
0.07160298433138558
0.1408494395558098
0.14320871713826255
0.06924209219549038
0.07159654518490063
0.14083857638628872
0.14319583270695307
0.06923767860994727
0.07159012215748178
0.14082774001495474
0.14318298053865058
0.06923327565995217
0.07158371517980612
0.14081693032777226
0.14317016049456363
0.06922888330105148
0.07157732418297295
0.14080614721139426
0.1431573724367464
0.069224501489056
0.07157094909850063
0.14079539055315704
0.1431446162280922
0.06922013018003874
0.07156458985832301
0.14078466024107464
0.1431318917323265
0.06921576933033295
0.07155824639478633
0.1407739561638336
0.14311919881400054
0.06921141889653017
0.07155191864064596
0.14076327821078777
0.14310653733848488
0.06920707883547826
0.07154560652906325
0.14075262627195337
0.1430939071719632
0.0692027491042793
0.07153930999360222
0.14074200023800343
0.14308130818142561
0.06919842966028783
0.07153302896822661
0.14073140000026305
0.1430687402346625
0.06919412046110883
0.07152676338729663
0.14072082545070413
0.14305620320025836
0.06918982146459583
0.07152051318556599
0.14071027648194068
0.14304369694758562
0.06918553262884898
0.07151427829817869
0.14069975298722354
0.1430312213467985
0.0691812539122132
0.07150805866066616
0.14068925486043576
0.14301877626882695
0.06917698527327644
0.07150185420894423
0.14067878199608758
0.1430063615853706
0.06917272667086767
0.07149566487931014
0.1406683342893118
0.14299397716889314
0.06916847806405513
0.07148949060843958
0.14065791163585883
0.14298162289261596
0.06916423941214457
0.07148333133338383
0.14064751393209207
0.1429692986305126
0.06916001067467745
0.07147718699156694
0.14063714107498346
0.14295700425730318
0.06915579181142913
0.07147105752078271
0.14062679296210845
0.14294473964844823
0.06915158278240711
0.07146494285919203
0.14061646949164164
0.14293250468014326
0.06914738354784936
0.07145884294531994
0.14060617056235236
0.14292029922931337
0.06914319406822253
0.071452757718053
0.14059589607359993
0.14290812317360724
0.0691390143042203
0.0714466871166364
0.1405856459253294
0.14289597639139198
0.06913484421676165
0.07144063108067138
0.14057542001806705
0.14288385876174756
0.0691306837669892
0.07143458955011238
0.14056521825291596
0.14287177016446134
0.0691265329162676
0.07142856246526454
0.1405550405315519
0.14285971048002297
0.06912239162618175
0.07142254976678089
0.1405448867562188
0.14284767958961866
0.06911825985853537
0.07141655139565986
0.14053475682972455
0.1428356773751263
0.06911413757534918
0.07141056729324258
0.140524650655437
0.1428237037191103
0.0691100247388595
0.07140459740121038
0.14051456813727953
0.14281175850481598
0.06910592131151641
0.07139864166158216
0.1405045091797269
0.14279984161616482
0.0691018272559825
0.07139270001671197
0.1404944736878015
0.14278795293774954
0.06909774253513103
0.0713867724092864
0.14048446156706879
0.1427760923548286
0.06909366711204458
0.0713808587823222
0.14047447272363373
0.14276425975332166
0.0690896009500134
0.07137495907916373
0.14046450706413655
0.1427524550198045
0.06908554401253396
0.07136907324348059
0.14045456449574883
0.14274067804150406
0.0690814962633074
0.07136320121926513
0.1404446449261696
0.1427289287062937
0.06907745766623812
0.07135734295083018
0.1404347482636215
0.14271720690268852
0.0690734281854322
0.07135149838280656
0.14042487441684692
0.14270551251984034
0.06906940778519607
0.0713456674601408
0.14041502329510414
0.14269384544753327
0.06906539643003495
0.07133985012809281
0.14040519480816355
0.14268220557617878
0.06906139408465142
0.07133404633223353
0.1403953888663041
0.1426705927968114
0.06905740071394405
0.07132825601844264
0.14038560538030925
0.14265900700108386
0.06905341628300601
0.07132247913290643
0.1403758442614636
0.14264744808126262
0.06904944075712355
0.07131671562211532
0.1403661054215492
0.14263591593022362
0.06904547410177478
0.07131096543286189
0.14035638877284165
0.1426244104414473
0.06904151628262817
0.0713052285122385
0.14034669422810697
0.14261293150901488
0.06903756726554125
0.0712995048076352
0.1403370217005978
0.14260147902760337
0.06903362701655918
0.07129379426673742
0.14032737110404986
0.14259005289248158
0.06902969550191355
0.07128809683752403
0.1403177423526784
0.14257865299950556
0.06902577268802099
0.07128241246826514
0.1403081353611752
0.14256727924511473
0.06902185854148177
0.07127674110751986
0.14029855004470454
0.14255593152632726
0.06901795302907862
0.07127108270413439
0.14028898631890033
0.1425446097407362
0.06901405611777538
0.07126543720723984
0.14027944409986218
0.142533313786505
0.06901016777471573
0.07125980456625024
0.14026992330415272
0.14252204356236373
0.06900628796722191
0.07125418473086045
0.14026042384879384
0.14251079896760485
0.06900241666279353
0.07124857765104424
0.14025094565126356
0.14249957990207912
0.06899855382910615
0.0712429832770521
0.14024148862949273
0.14248838626619165
0.06899469943401033
0.07123740155940957
0.140232052701862
0.14247721796089807
0.06899085344553006
0.07123183244891487
0.14022263778719835
0.14246607488770036
0.06898701583186184
0.07122627589663737
0.14021324380477213
0.14245495694864307
0.0689831865613733
0.07122073185391534
0.14020387067429388
0.14244386404630954
0.06897936560260205
0.0712152002723542
0.14019451831591112
0.1424327960838178
0.06897555292425461
0.07120968110382465
0.14018518665020557
0.1424217529648172
0.06897174849520496
0.07120417430046061
0.1401758755981896
0.14241073459348413
0.06896795228449368
0.07119867981465755
0.14016658508130367
0.14239974087451873
0.06896416426132666
0.07119319759907058
0.14015731502141315
0.14238877171314102
0.06896038439507385
0.07118772760661254
0.14014806534080537
0.14237782701508717
0.06895661265526835
0.07118226979045231
0.14013883596218646
0.14236690668660584
0.06895284901160517
0.07117682410401296
0.14012962680867885
0.1423560106344549
0.06894909343394001
0.07117139050096989
0.14012043780381797
0.1423451387658974
0.06894534589228837
0.0711659689352492
0.14011126887154962
0.14233429098869838
0.06894160635682428
0.07116055936102583
0.140102119936227
0.1423234672111211
0.0689378747978793
0.07115516173272188
0.1400929909226079
0.14231266734192374
0.06893415118594139
0.07114977600500481
0.14008388175585204
0.142301891290356
0.06893043549165395
0.07114440213278593
0.14007479236151807
0.14229113896615547
0.06892672768581455
0.07113904007121838
0.14006572266556092
0.14228041027954427
0.06892302773937412
0.07113368977569574
0.14005667259432908
0.14226970514122583
0.06891933562343572
0.07112835120185024
0.14004764207456197
0.14225902346238153
0.06891565130925362
0.0711230243055511
0.14003863103338698
0.14224836515466716
0.06891197476823221
0.07111770904290297
0.14002963939831725
0.1422377301302101
0.06890830597192506
0.07111240537024421
0.14002066709724853
0.1422271183016055
0.06890464489203375
0.07110711324414533
0.14001171405845697
0.14221652958191355
0.06890099150040715
0.07110183262140744
0.1400027802105963
0.142205963884656
0.06889734576904014
0.07109656345906058
0.13999386548269538
0.14219542112381306
0.06889370767007272
0.07109130571436215
0.1399849698041555
0.14218490121382032
0.06889007717578913
0.07108605934479544
0.13997609310474796
0.1421744040695655
0.06888645425861682
0.07108082430806806
0.13996723531461158
0.14216392960638552
0.06888283889112541
0.0710756005621103
0.1399583963642501
0.14215347774006326
0.0688792310460259
0.07107038806507383
0.13994957618452983
0.14214304838682473
0.06887563069616962
0.07106518677532997
0.13994077470667715
0.14213264146333585
0.06887203781454722
0.0710599966514683
0.13993199186227606
0.14212225688669963
0.06886845237428799
0.07105481765229525
0.13992322758326586
0.14211189457445314
0.06886487434865864
0.07104964973683245
0.1399144818019385
0.14210155444456438
0.06886130371106265
0.07104449286431548
0.13990575445093673
0.14209123641542984
0.06885774043503916
0.07103934699419226
0.13989704546325113
0.14208094040587105
0.06885418449426219
0.07103421208612172
0.13988835477221823
0.14207066633513213
0.06885063586253976
0.07102908809997237
0.13987968231151807
0.1420604141228768
0.06884709451381289
0.07102397499582083
0.13987102801517182
0.14205018368918548
0.06884356042215486
0.07101887273395052
0.13986239181753962
0.14203997495455267
0.06884003356177026
0.07101378127485018
0.1398537736533183
0.142029787839884
0.06883651390699413
0.07100870057921259
0.13984517345753908
0.1420196222664936
0.0688330014322911
0.07100363060793312
0.1398365911655654
0.1420094781561013
0.06882949611225456
0.0709985713221084
0.13982802671309075
0.14199935543082995
0.06882599792160594
0.07099352268303519
0.1398194800361366
0.14198925401320292
0.06882250683519363
0.07098848465220865
0.1398109510710498
0.14197917382614098
0.0688190228279923
0.07098345719132133
0.13980243975450088
0.14196911479296007
0.06881554587510205
0.07097844026226176
0.13979394602348189
0.14195907683736864
0.06881207595174767
0.07097343382711317
0.139785469815304
0.14194905988346482
0.06880861303327768
0.0709684378481522
0.13977701106759569
0.14193906385573418
0.06880515709516362
0.07096345228784758
0.13976856971830046
0.14192908867904674
0.06880170811299931
0.07095847710885897
0.13976014570567502
0.14191913427865493
0.06879826606249988
0.07095351227403558
0.13975173896828683
0.14190920058019058
0.06879483091950121
0.07094855774641505
0.13974334944501265
0.14189928750966294
0.06879140265995905
0.07094361348922212
0.139734977075036
0.14188939499345574
0.06878798125994812
0.07093867946586742
0.13972662179784545
0.141879522958325
0.06878456669566155
0.07093375563994626
0.13971828355323257
0.1418696713313966
0.06878115894341011
0.07092884197523755
0.13970996228128996
0.1418598400401637
0.06877775797962121
0.07092393843570229
0.13970165792240927
0.14185002901248447
0.06877436378083852
0.07091904498548277
0.13969337041727942
0.1418402381765798
0.06877097632372091
0.07091416158890106
0.13968509970688434
0.1418304674610306
0.06876759558504186
0.07090928821045808
0.13967684573250153
0.14182071679477593
0.06876422154168883
0.07090442481483239
0.13966860843569984
0.14181098610711035
0.06876085417066223
0.07089957136687884
0.13966038775833764
0.14180127532768166
0.06875749344907506
0.07089472783162773
0.13965218364256107
0.14179158438648873
0.06875413935415196
0.07088989417428351
0.1396439960308022
0.1417819132138792
0.06875079186322856
0.07088507036022365
0.13963582486577697
0.14177226174054713
0.06874745095375083
0.07088025635499759
0.1396276700904837
0.1417626298975309
0.06874411660327434
0.07087545212432565
0.13961953164820118
0.14175301761621104
0.0687407887894635
0.07087065763409778
0.13961140948248663
0.14174342482830768
0.0687374674900911
0.07086587285037271
0.1396033035371743
0.14173385146587886
0.06873415268303737
0.07086109773937672
0.13959521375637352
0.1417242974613181
0.06873084434628941
0.07085633226750253
0.13958714008446702
0.14171476274735234
0.06872754245794062
0.07085157640130842
0.13957908246610906
0.14170524725703962
0.06872424699618987
0.070846830107517
0.139571040846224
0.14169575092376735
0.06872095793934088
0.07084209335301418
0.1395630151700042
0.14168627368124984
0.06871767526580169
0.07083736610484828
0.13955500538290866
0.14167681546352637
0.06871439895408385
0.07083264833022883
0.13954701143066123
0.14166737620495923
0.06871112898280185
0.07082793999652565
0.13953903325924893
0.14165795584023155
0.06870786533067254
0.07082324107126783
0.13953107081492028
0.14164855430434528
0.06870460797651437
0.0708185515221427
0.1395231240441837
0.1416391715326192
0.06870135689924683
0.07081387131699478
0.13951519289380593
0.141629807460687
0.06869811207788985
0.07080920042382494
0.13950727731081028
0.14162046202449516
0.06869487349156309
0.0708045388107892
0.13949937724247508
0.14161113516030097
0.06869164111948543
0.07079988644619802
0.13949149263633226
0.14160182680467084
0.06868841494097432
0.07079524329851511
0.13948362344016546
0.141592536894478
0.06868519493544513
0.07079060933635659
0.1394757696020088
0.14158326536690094
0.06868198108241058
0.07078598452848994
0.13946793107014493
0.14157401215942103
0.06867877336148019
0.0707813688438332
0.13946010779310403
0.14156477720982127
0.06867557175235958
0.07077676225145388
0.13945229971966167
0.1415555604561838
0.06867237623485005
0.0707721647205682
0.13944450679883774
0.14154636183688843
0.06866918678884779
0.07076757622053995
0.13943672897989484
0.14153718129061063
0.06866600339434338
0.07076299672087968
0.13942896621233652
0.1415280187563196
0.06866282603142139
0.07075842619124395
0.13942121844590633
0.14151887417327683
0.06865965468025953
0.07075386460143414
0.1394134856305857
0.14150974748103373
0.06865648932112829
0.07074931192139577
0.13940576771659316
0.1415006386194305
0.06865332993439019
0.07074476812121745
0.13939806465438215
0.14149154752859358
0.06865017650049941
0.07074023317113012
0.1393903763946402
0.14148247414893453
0.0686470290000012
0.07073570704150622
0.1393827028882873
0.1414734184211481
0.06864388741353122
0.07073118970285862
0.1393750440864744
0.14146438028621036
0.06864075172181508
0.07072668112583992
0.13936739994058195
0.14145535968537692
0.06863762190566773
0.0707221812812415
0.1393597704022187
0.14144635656018148
0.06863449794599309
0.07071769013999284
0.13935215542322027
0.14143737085243402
0.06863137982378333
0.07071320767316044
0.13934455495564757
0.14142840250421893
0.06862826752011839
0.07070873385194715
0.13933696895178577
0.14141945145789364
0.06862516101616548
0.07070426864769125
0.13932939736414254
0.14141051765608667
0.06862206029317862
0.07069981203186573
0.13932184014544718
0.14140160104169627
0.06861896533249798
0.07069536397607734
0.1393142972486488
0.14139270155788844
0.0686158761155495
0.07069092445206593
0.13930676862691538
0.14138381914809567
0.06861279262384426
0.07068649343170343
0.13929925423363215
0.14137495375601497
0.06860971483897803
0.07068207088699326
0.13929175402240057
0.14136610532560656
0.06860664274263088
0.07067765679006949
0.13928426794703683
0.14135727380109217
0.06860357631656648
0.07067325111319599
0.13927679596157067
0.14134845912695346
0.06860051554263166
0.07066885382876559
0.13926933802024388
0.14133966124793024
0.06859746040275605
0.07066446490929948
0.13926189407750938
0.14133088010901934
0.06859441087895145
0.07066008432744636
0.1392544640880299
0.14132211565547295
0.0685913669533113
0.07065571205598153
0.13924704800667626
0.1413133678327966
0.0685883286080105
0.07065134806780646
0.13923964578852682
0.14130463658674844
0.06858529582530455
0.07064699233594772
0.13923225738886574
0.14129592186333706
0.06858226858752928
0.07064264483355631
0.139224882763182
0.14128722360882032
0.06857924687710037
0.07063830553390707
0.13921752186716813
0.1412785417697038
0.06857623067651283
0.0706339744103977
0.1392101746567189
0.1412698762927393
0.06857321996834059
0.0706296514365483
0.1392028410879303
0.14126122712492337
0.06857021473523596
0.07062533658600034
0.13919552111709826
0.14125259421349592
0.06856721495992933
0.07062102983251631
0.13918821470071754
0.14124397750593873
0.06856422062522848
0.07061673114997856
0.1391809217954803
0.14123537694997387
0.06856123171401834
0.07061244051238899
0.1391736423582754
0.14122679249356265
0.06855824820926049
0.07060815789386814
0.13916637634618678
0.14121822408490384
0.06855527009399258
0.07060388326865448
0.13915912371649264
0.14120967167243237
0.06855229735132802
0.07059961661110373
0.1391518844266641
0.14120113520481806
0.06854932996445562
0.07059535789568834
0.1391446584343642
0.14119261463096408
0.06854636791663893
0.07059110709699654
0.13913744569744674
0.1411841099000057
0.068543411191216
0.07058686418973185
0.13913024617395517
0.1411756209613089
0.06854045977159878
0.07058262914871223
0.13912305982212136
0.1411671477644688
0.06853751364127299
0.07057840194886972
0.13911588660036478
0.14115869025930872
0.06853457278379728
0.07057418256524936
0.13910872646729117
0.14115024839587856
0.06853163718280317
0.07056997097300886
0.1391015793816915
0.14114182212445345
0.06852870682199437
0.07056576714741775
0.13909444530254095
0.14113341139553268
0.06852578168514667
0.0705615710638569
0.139087324188998
0.14112501615983825
0.06852286175610718
0.07055738269781767
0.13908021600040288
0.14111663636831337
0.06851994701879416
0.07055320202490141
0.13907312069627709
0.14110827197212159
0.0685170374571965
0.07054902902081878
0.13906603823632202
0.14109992292264517
0.06851413305537343
0.07054486366138915
0.139058968580418
0.14109158917148407
0.06851123379745402
0.07054070592253991
0.13905191168862327
0.14108327067045445
0.06850833966763678
0.07053655578030589
0.13904486752117295
0.1410749673715876
0.06850545065018933
0.07053241321082869
0.13903783603847802
0.14106667922712854
0.06850256672944798
0.07052827819035615
0.13903081720112442
0.1410584061895351
0.06849968788981735
0.07052415069524169
0.13902381096987193
0.14105014821147638
0.0684968141157699
0.07052003070194364
0.139016817305653
0.1410419052458314
0.06849394539184568
0.07051591818702471
0.1390098361695722
0.14103367724568844
0.06849108170265189
0.07051181312715145
0.13900286752290492
0.14102546416434336
0.06848822303286249
0.07050771549909353
0.13899591132709654
0.14101726595529868
0.06848536936721784
0.07050362527972323
0.13898896754376142
0.1410090825722623
0.0684825206905243
0.0704995424460148
0.13898203613468177
0.14100091396914616
0.0684796769876539
0.07049546697504397
0.13897511706180704
0.1409927601000654
0.06847683824354393
0.0704913988439872
0.1389682102872527
0.14098462091933694
0.06847400444319662
0.07048733803012132
0.13896131577329945
0.14097649638147855
0.06847117557167873
0.07048328451082277
0.13895443348239211
0.14096838644120743
0.06846835161412128
0.07047923826356725
0.13894756337713904
0.14096029105343943
0.06846553255571904
0.07047519926592889
0.13894070542031073
0.14095221017328752
0.06846271838173035
0.07047116749557997
0.1389338595748394
0.1409441437560611
0.06845990907747658
0.07046714293029005
0.1389270258038177
0.14093609175726454
0.06845710462834192
0.07046312554792573
0.1389202040704979
0.14092805413259618
0.06845430501977305
0.07045911532644995
0.13891339433829125
0.14092003083794744
0.06845151023727866
0.07045511224392147
0.1389065965707667
0.14091202182940132
0.06844872026642917
0.07045111627849425
0.1388998107316504
0.1409040270632319
0.0684459350928565
0.07044712740841712
0.13889303678482437
0.14089604649590254
0.06844315470225348
0.070443145612033
0.13888627469432618
0.14088808008406556
0.06844037908037377
0.07043917086777855
0.1388795244243476
0.14088012778456055
0.06843760821303144
0.07043520315418365
0.13887278593923402
0.14087218955441386
0.06843484208610051
0.0704312424498707
0.1388660592034835
0.14086426535083704
0.06843208068551485
0.07042728873355432
0.1388593441817459
0.1408563551312262
0.06842932399726763
0.07042334198404067
0.1388526408388222
0.14084845885316094
0.06842657200741117
0.07041940218022708
0.13884594913966347
0.14084057647440307
0.06842382470205648
0.07041546930110136
0.1388392690493701
0.14083270795289585
0.06842108206737306
0.07041154332574157
0.13883260053319102
0.14082485324676283
0.06841834408958848
0.0704076242333152
0.1388259435565228
0.14081701231430693
0.06841561075498812
0.07040371200307895
0.138819298084909
0.14080918511400953
0.06841288204991486
0.07039980661437804
0.13881266408403914
0.1408013716045292
0.06841015796076866
0.0703959080466458
0.13880604151974807
0.14079357174470108
0.06840743847400649
0.07039201627940328
0.13879943035801512
0.1407857854935356
0.06840472357614179
0.07038813129225863
0.1387928305649633
0.14077801281021773
0.0684020132537442
0.07038425306490656
0.13878624210685844
0.14077025365410584
0.06839930749343938
0.07038038157712811
0.13877966495010866
0.14076250798473097
0.0683966062819086
0.07037651680878997
0.13877309906126326
0.1407547757617956
0.06839390960588843
0.07037265873984402
0.13876654440701217
0.14074705694517295
0.0683912174521705
0.070368807350327
0.1387600009541851
0.14073935149490588
0.06838852980760123
0.07036496262035992
0.13875346866975088
0.14073165937120616
0.06838584665908144
0.07036112453014766
0.13874694752081654
0.14072398053445329
0.06838316799356613
0.07035729305997847
0.13874043747462678
0.14071631494519382
0.06838049379806414
0.07035346819022356
0.13873393849856294
0.14070866256414025
0.06837782405963794
0.07034964990133663
0.13872745056014255
0.1407010233521703
0.06837515876540325
0.07034583817385343
0.13872097362701835
0.14069339727032582
0.06837249790252874
0.07034203298839119
0.13871450766697777
0.14068578427981204
0.06836984145823595
0.07033823432564848
0.13870805264794211
0.1406781843419968
0.06836718941979872
0.07033444216640442
0.13870160853796568
0.14067059741840923
0.0683645417745432
0.07033065649151853
0.13869517530523537
0.1406630234707394
0.06836189850984725
0.07032687728193006
0.13868875291806976
0.1406554624608371
0.06835925961314053
0.07032310451865778
0.13868234134491841
0.1406479143507111
0.06835662507190385
0.0703193381827993
0.13867594055436122
0.1406403791025284
0.06835399487366925
0.07031557825553096
0.13866955051510765
0.14063285667861306
0.06835136900601944
0.0703118247181071
0.13866317119599622
0.14062534704144575
0.06834874745658776
0.07030807755185982
0.1386568025659935
0.14061785015366257
0.06834613021305774
0.07030433673819855
0.13865044459419373
0.14061036597805443
0.06834351726316291
0.07030060225860953
0.138644097249818
0.14060289447756616
0.06834090859468661
0.07029687409465557
0.13863776050221366
0.14059543561529575
0.06833830419546154
0.07029315222797547
0.13863143432085348
0.14058798935449332
0.0683357040533697
0.07028943664028371
0.1386251186753351
0.14058055565856045
0.068333108156342
0.07028572731337006
0.13861881353538053
0.14057313449104955
0.06833051649235802
0.07028202422909907
0.13861251887083506
0.1405657258156627
0.06832792904944585
0.0702783273694098
0.13860623465166705
0.14055832959625109
0.06832534581568174
0.07027463671631537
0.1385999608479671
0.1405509457968142
0.06832276677918987
0.07027095225190255
0.13859369742994737
0.14054357438149895
0.06832019192814212
0.07026727395833143
0.13858744436794096
0.140536215314599
0.06831762125075776
0.07026360181783489
0.13858120163240134
0.14052886856055385
0.06831505473530333
0.07025993581271846
0.1385749691939016
0.14052153408394819
0.06831249237009228
0.07025627592535966
0.138568747023134
0.14051421184951107
0.06830993414348474
0.07025262213820781
0.1385625350909091
0.1405069018221152
0.06830738004388735
0.07024897443378361
0.13855633336815545
0.14049960396677613
0.06830483005975294
0.07024533279467872
0.13855014182591868
0.14049231824865152
0.0683022841795803
0.0702416972035554
0.13854396043536094
0.14048504463304023
0.06829974239191403
0.07023806764314622
0.1385377891677606
0.1404777830853821
0.06829720468534423
0.0702344440962536
0.13853162799451124
0.14047053357125655
0.06829467104850614
0.07023082654574936
0.13852547688712122
0.14046329605638222
0.06829214147008028
0.07022721497457468
0.13851933581721318
0.14045607050661627
0.06828961593879179
0.07022360936573939
0.13851320475652326
0.14044885688795344
0.06828709444341041
0.07022000970232169
0.13850708367690057
0.14044165516652546
0.06828457697275034
0.07021641596746801
0.1385009725503068
0.1404344653086005
0.06828206351566976
0.07021282814439236
0.13849487134881522
0.1404272872805819
0.06827955406107086
0.0702092462163762
0.13848878004461063
0.14042012104900833
0.06827704859789947
0.07020567016676797
0.13848269860998835
0.1404129665805523
0.0682745471151449
0.07020209997898284
0.13847662701735391
0.14040582384201994
0.0682720496018396
0.07019853563650216
0.13847056523922224
0.14039869280034997
0.06826955604705907
0.07019497712287336
0.13846451324821737
0.14039157342261332
0.06826706643992168
0.07019142442170953
0.13845847101707176
0.14038446567601232
0.06826458076958827
0.070187877516689
0.1384524385186257
0.14037736952788
0.0682620990252621
0.07018433639155511
0.13844641572582678
0.14037028494567932
0.06825962119618854
0.07018080103011577
0.13844040261172932
0.1403632118970028
0.06825714727165491
0.07017727141624325
0.13843439914949401
0.14035615034957155
0.0682546772409902
0.0701737475338737
0.13842840531238704
0.1403491002712347
0.06825221109356497
0.07017022936700701
0.13842242107377983
0.14034206162996893
0.06824974881879105
0.07016671689970631
0.13841644640714842
0.14033503439387746
0.0682472904061214
0.0701632101160978
0.13841048128607294
0.1403280185311898
0.06824483584504977
0.07015970900037022
0.13840452568423695
0.14032101401026076
0.06824238512511066
0.07015621353677473
0.138398579575427
0.14031402079956984
0.06823993823587905
0.07015272370962455
0.13839264293353248
0.1403070388677211
0.06823749516697013
0.07014923950329452
0.13838671573254424
0.14030006818344168
0.06823505590803917
0.07014576090222092
0.13838079794655497
0.14029310871558193
0.0682326204487814
0.07014228789090117
0.1383748895497582
0.1402861604331144
0.06823018877893158
0.07013882045389337
0.13836899051644785
0.14027922330513318
0.06822776088826406
0.07013535857581615
0.13836310082101783
0.14027229730085358
0.06822533676659236
0.07013190224134826
0.1383572204379614
0.1402653823896112
0.06822291640376915
0.07012845143522833
0.13835134934187082
0.14025847854086154
0.068220499789686
0.07012500614225459
0.1383454875074369
0.14025158572417937
0.0682180869142731
0.0701215663472844
0.13833963490944806
0.14024470390925783
0.06821567776749918
0.0701181320352342
0.13833379152279046
0.14023783306590834
0.06821327233937124
0.07011470319107899
0.13832795732244707
0.14023097316405958
0.06821087061993449
0.07011127979985221
0.13832213228349746
0.14022412417375715
0.06820847259927193
0.07010786184664529
0.13831631638111702
0.14021728606516282
0.06820607826750441
0.07010444931660749
0.13831050959057678
0.14021045880855398
0.0682036876147903
0.07010104219494555
0.1383047118872428
0.14020364237432323
0.06820130063132536
0.0700976404669234
0.13829892324657567
0.1401968367329776
0.06819891730734251
0.07009424411786191
0.1382931436441301
0.14019004185513803
0.06819653763311169
0.07009085313313855
0.13828737305555433
0.14018325771153878
0.06819416159893961
0.07008746749818709
0.13828161145658996
0.14017648427302704
0.06819178919516974
0.0700840871984975
0.13827585882307109
0.14016972151056206
0.06818942041218184
0.07008071221961536
0.1382701151309242
0.14016296939521491
0.0681870552403921
0.07007734254714189
0.1382643803561674
0.14015622789816762
0.0681846936702528
0.07007397816673354
0.13825865447491037
0.14014949699071297
0.06818233569225204
0.07007061906410163
0.13825293746335343
0.14014277664425356
0.0681799812969138
0.07006726522501225
0.13824722929778754
0.14013606683030164
0.06817763047479755
0.07006391663528584
0.1382415299545935
0.14012936752047822
0.06817528321649823
0.07006057328079707
0.1382358394102417
0.14012267868651282
0.06817293951264593
0.07005723514747436
0.13823015764129165
0.14011600030024274
0.06817059935390593
0.0700539022212999
0.13822448462439155
0.1401093323336126
0.06816826273097829
0.07005057448830912
0.13821882033627786
0.140102674758674
0.0681659296345978
0.07004725193459052
0.13821316475377465
0.14009602754758435
0.06816360005553385
0.07004393454628549
0.13820751785379365
0.1400893906726073
0.06816127398459024
0.07004062230958799
0.13820187961333338
0.1400827641061115
0.06815895141260496
0.07003731521074427
0.13819625000947888
0.14007614782057026
0.06815663233045002
0.07003401323605261
0.13819062901940138
0.1400695417885612
0.06815431672903133
0.07003071637186303
0.1381850166203576
0.14006294598276547
0.06815200459928863
0.07002742460457728
0.13817941278968984
0.1400563603759676
0.06814969593219511
0.0700241379206482
0.13817381750482494
0.1400497849410546
0.06814739071875736
0.07002085630657973
0.13816823074327433
0.1400432196510157
0.06814508895001534
0.07001757974892668
0.13816265248263354
0.14003666447894195
0.06814279061704197
0.07001430823429433
0.13815708270058158
0.14003011939802534
0.06814049571094317
0.07001104174933828
0.1381515213748808
0.14002358438155874
0.06813820422285757
0.07000778028076414
0.13814596848337618
0.140017059402935
0.06813591614395648
0.07000452381532742
0.13814042400399545
0.14001054443564698
0.06813363146544361
0.07000127233983311
0.138134887914748
0.14000403945328643
0.06813135017855507
0.06999802584113562
0.13812936019372518
0.1399975444295442
0.06812907227455894
0.06999478430613836
0.13812384081909934
0.1399910593382091
0.0681267977447555
0.06999154772179364
0.1381183297691237
0.1399845841531678
0.06812452658047671
0.06998831607510239
0.13811282702213207
0.1399781188484045
0.06812225877308634
0.06998508935311393
0.13810733255653823
0.13997166339799996
0.06811999431397962
0.06998186754292571
0.1381018463508357
0.13996521777613152
0.0681177331945832
0.06997865063168306
0.13809636838359718
0.1399587819570723
0.068115475406355
0.06997543860657908
0.13809089863347446
0.13995235591519095
0.06811322094078405
0.06997223145485433
0.13808543707919788
0.13994593962495122
0.06811096978939024
0.06996902916379652
0.13807998369957586
0.13993953306091128
0.06810872194372437
0.06996583172074043
0.13807453847349466
0.1399331361977234
0.06810647739536779
0.06996263911306756
0.13806910137991793
0.1399267490101335
0.06810423613593251
0.06995945132820611
0.13806367239788653
0.1399203714729807
0.0681019981570608
0.06995626835363045
0.13805825150651796
0.13991400356119696
0.06809976345042514
0.06995309017686112
0.13805283868500592
0.13990764524980634
0.06809753200772818
0.06994991678546458
0.1380474339126203
0.139901296513925
0.0680953038207025
0.069946748167053
0.1380420371687065
0.1398949573287604
0.06809307888111042
0.0699435843092839
0.13803664843268512
0.1398886276696109
0.06809085718074402
0.06994042519986014
0.13803126768405183
0.13988230751186573
0.06808863871142483
0.06993727082652956
0.1380258949023767
0.13987599683100396
0.06808642346500378
0.06993412117708482
0.1380205300673042
0.13986969560259455
0.06808421143336109
0.06993097623936319
0.13801517315855227
0.13986340380229548
0.0680820026084061
0.06992783600124636
0.1380098241559128
0.13985712140585396
0.06807979698207711
0.06992470045066018
0.13800448303925061
0.13985084838910541
0.06807759454634123
0.06992156957557444
0.13799914978850336
0.13984458472797331
0.06807539529319435
0.06991844336400276
0.13799382438368116
0.1398383303984687
0.06807319921466094
0.0699153218040023
0.13798850680486635
0.13983208537668995
0.06807100630279384
0.06991220488367354
0.137983197032213
0.13982584963882214
0.06806881654967424
0.06990909259116013
0.13797789504594665
0.13981962316113664
0.06806662994741157
0.06990598491464868
0.137972600826364
0.13981340591999095
0.06806444648814328
0.0699028818423686
0.13796731435383253
0.13980719789182802
0.06806226616403468
0.06989978336259174
0.1379620356087902
0.13980099905317608
0.06806008896727904
0.06989668946363242
0.13795676457174513
0.13979480938064803
0.06805791489009709
0.06989360013384698
0.1379515012232752
0.1397886288509412
0.06805574392473726
0.06989051536163382
0.1379462455440278
0.13978245744083678
0.0680535760634753
0.06988743513543302
0.13794099751471953
0.13977629512719975
0.0680514112986144
0.06988435944372641
0.13793575711613593
0.13977014188697823
0.0680492496224847
0.06988128827503688
0.1379305243291308
0.139763997697203
0.06804709102744348
0.06987822161792873
0.1379252991346264
0.13975786253498737
0.06804493550587504
0.06987515946100722
0.1379200815136128
0.1397517363775268
0.06804278305019028
0.06987210179291833
0.1379148714471477
0.13974561920209827
0.06804063365282693
0.06986904860234876
0.1379096689163561
0.13973951098606013
0.06803848730624917
0.06986599987802547
0.13790447390242971
0.13973341170685147
0.06803634400294768
0.06986295560871583
0.13789928638662738
0.13972732134199226
0.06803420373543942
0.06985991578322717
0.13789410635027385
0.13972123986908222
0.0680320664962675
0.06985688039040668
0.1378889337747602
0.13971516726580116
0.06802993227800117
0.06985384941914123
0.1378837686415431
0.13970910350990817
0.06802780107323556
0.0698508228583572
0.13787861093214474
0.1397030485792415
0.0680256728745917
0.06984780069702032
0.13787346062815248
0.13969700245171807
0.06802354767471629
0.06984478292413536
0.13786831771121844
0.139690965105333
0.06802142546628166
0.06984176952874616
0.13786318216305937
0.13968493651815955
0.06801930624198561
0.06983876049993523
0.13785805396545625
0.13967891666834856
0.06801718999455135
0.06983575582682382
0.1378529331002541
0.13967290553412814
0.06801507671672728
0.06983275549857143
0.13784781954936137
0.13966690309380314
0.06801296640128701
0.06982975950437596
0.13784271329475034
0.13966090932575537
0.06801085904102908
0.06982676783347325
0.13783761431845587
0.13965492420844228
0.06800875462877706
0.06982378047513713
0.13783252260257603
0.13964894772039768
0.06800665315737929
0.06982079741867915
0.13782743812927123
0.13964297984023064
0.06800455461970879
0.0698178186534484
0.13782236088076422
0.1396370205466255
0.06800245900866315
0.06981484416883131
0.13781729083933963
0.1396310698183414
0.06800036631716444
0.06981187395425156
0.1378122279873438
0.13962512763421184
0.06799827653815914
0.06980890799916993
0.1378071723071845
0.13961919397314468
0.06799618966461794
0.06980594629308401
0.13780212378133067
0.13961326881412153
0.06799410568953565
0.06980298882552806
0.137797082392312
0.13960735213619743
0.06799202460593122
0.06980003558607302
0.13779204812271886
0.1396014439185006
0.06798994640684743
0.06979708656432607
0.13778702095520184
0.13959554414023204
0.06798787108535091
0.06979414174993066
0.1377820008724716
0.13958965278066526
0.06798579863453205
0.06979120113256633
0.1377769878572986
0.13958376981914594
0.06798372904750485
0.06978826470194847
0.13777198189251286
0.13957789523509168
0.06798166231740677
0.06978533244782818
0.13776698296100345
0.1395720290079914
0.06797959843739868
0.06978240435999214
0.13776199104571854
0.13956617111740532
0.0679775374006649
0.06977948042826253
0.13775700612966507
0.13956032154296466
0.0679754792004127
0.0697765606424966
0.13775202819590832
0.139554480264371
0.06797342382987266
0.06977364499258683
0.1377470572275717
0.13954864726139618
0.06797137128229824
0.06977073346846058
0.13774209320783665
0.139542822513882
0.06796932155096583
0.06976782606007999
0.13773713611994232
0.13953700600174
